8.416090011596679688e-01
9.403064250946044922e-01
2.985888158946181647e-07
8.005927801132202148e-01
9.306849837303161621e-01
-1.479095593094825745e-02
7.639650106430053711e-01
8.877180218696594238e-01
-2.660439349710941315e-02
7.461296319961547852e-01
8.426195979118347168e-01
-3.520876169204711914e-02
7.414636015892028809e-01
8.001443743705749512e-01
-4.405102133750915527e-02
7.853556871414184570e-01
8.863078355789184570e-01
-3.814841434359550476e-02
7.755663394927978516e-01
8.238608837127685547e-01
-5.407822877168655396e-02
7.717808485031127930e-01
7.829334139823913574e-01
-6.046975031495094299e-02
7.713621854782104492e-01
7.499518990516662598e-01
-6.372281163930892944e-02
8.122786283493041992e-01
8.687222599983215332e-01
-3.952545300126075745e-02
8.136242628097534180e-01
7.902254462242126465e-01
-5.528447404503822327e-02
8.167807459831237793e-01
7.322070002555847168e-01
-6.187846139073371887e-02
8.211274743080139160e-01
6.861706972122192383e-01
-6.625848263502120972e-02
8.347024917602539062e-01
8.560093641281127930e-01
-4.108179733157157898e-02
8.339025378227233887e-01
7.809540033340454102e-01
-5.726786702871322632e-02
8.374148607254028320e-01
7.237582802772521973e-01
-6.608705967664718628e-02
8.414593935012817383e-01
6.763951182365417480e-01
-7.113020867109298706e-02
8.518990874290466309e-01
8.465948104858398438e-01
-4.230692982673645020e-02
8.486397266387939453e-01
7.897490859031677246e-01
-5.601920187473297119e-02
8.487769961357116699e-01
7.449627518653869629e-01
-6.258109956979751587e-02
8.498238325119018555e-01
7.069967389106750488e-01
-6.690620630979537964e-02
0.000000000000000000e+00
0.000000000000000000e+00
0.000000000000000000e+00
0.000000000000000000e+00
0.000000000000000000e+00
0.000000000000000000e+00
0.000000000000000000e+00
0.000000000000000000e+00
0.000000000000000000e+00
0.000000000000000000e+00
0.000000000000000000e+00
0.000000000000000000e+00
0.000000000000000000e+00
0.000000000000000000e+00
0.000000000000000000e+00
0.000000000000000000e+00
0.000000000000000000e+00
0.000000000000000000e+00
0.000000000000000000e+00
0.000000000000000000e+00
0.000000000000000000e+00
0.000000000000000000e+00
0.000000000000000000e+00
0.000000000000000000e+00
0.000000000000000000e+00
0.000000000000000000e+00
0.000000000000000000e+00
0.000000000000000000e+00
0.000000000000000000e+00
0.000000000000000000e+00
0.000000000000000000e+00
0.000000000000000000e+00
0.000000000000000000e+00
0.000000000000000000e+00
0.000000000000000000e+00
0.000000000000000000e+00
0.000000000000000000e+00
0.000000000000000000e+00
0.000000000000000000e+00
0.000000000000000000e+00
0.000000000000000000e+00
0.000000000000000000e+00
0.000000000000000000e+00
0.000000000000000000e+00
0.000000000000000000e+00
0.000000000000000000e+00
0.000000000000000000e+00
0.000000000000000000e+00
0.000000000000000000e+00
0.000000000000000000e+00
0.000000000000000000e+00
0.000000000000000000e+00
0.000000000000000000e+00
0.000000000000000000e+00
0.000000000000000000e+00
0.000000000000000000e+00
0.000000000000000000e+00
0.000000000000000000e+00
0.000000000000000000e+00
0.000000000000000000e+00
0.000000000000000000e+00
0.000000000000000000e+00
0.000000000000000000e+00
