4.227072298526763916e-01
9.038853645324707031e-01
1.923446717455590260e-07
3.881846368312835693e-01
8.482232689857482910e-01
-1.661915145814418793e-02
3.608265221118927002e-01
7.821756005287170410e-01
-2.975745871663093567e-02
3.369548618793487549e-01
7.270761132240295410e-01
-4.035745933651924133e-02
3.065229654312133789e-01
6.959660053253173828e-01
-5.086542293429374695e-02
3.918535113334655762e-01
8.044715523719787598e-01
-4.154541343450546265e-02
3.905756771564483643e-01
7.409749031066894531e-01
-6.099069863557815552e-02
3.883529901504516602e-01
6.970052719116210938e-01
-7.049073278903961182e-02
3.891808986663818359e-01
6.570749878883361816e-01
-7.656088471412658691e-02
4.302854835987091064e-01
8.184005618095397949e-01
-4.366850480437278748e-02
4.397631585597991943e-01
7.521153688430786133e-01
-6.248192116618156433e-02
4.468164443969726562e-01
7.036085724830627441e-01
-7.046882808208465576e-02
4.550196230411529541e-01
6.628503799438476562e-01
-7.725748419761657715e-02
4.638148546218872070e-01
8.294065594673156738e-01
-4.590819403529167175e-02
4.884365200996398926e-01
7.671530842781066895e-01
-6.753106415271759033e-02
5.049390792846679688e-01
7.277307510375976562e-01
-7.287494838237762451e-02
5.173331499099731445e-01
6.921042203903198242e-01
-7.484106719493865967e-02
4.889561533927917480e-01
8.362795710563659668e-01
-4.840533807873725891e-02
5.184096693992614746e-01
7.843742370605468750e-01
-6.340789794921875000e-02
5.350021719932556152e-01
7.547864913940429688e-01
-6.586073338985443115e-02
5.475823879241943359e-01
7.257232666015625000e-01
-6.741113960742950439e-02
7.862387299537658691e-01
8.190948367118835449e-01
4.016855825739185093e-07
8.153370022773742676e-01
7.640160918235778809e-01
-6.790023762732744217e-03
8.329017758369445801e-01
6.954367756843566895e-01
-1.804751716554164886e-02
8.489399552345275879e-01
6.385632753372192383e-01
-2.674459293484687805e-02
8.771126866340637207e-01
6.092752218246459961e-01
-3.761931881308555603e-02
8.189527392387390137e-01
7.079001069068908691e-01
-5.283784121274948120e-02
8.269076943397521973e-01
6.284405589103698730e-01
-7.313464581966400146e-02
8.302956819534301758e-01
5.782333016395568848e-01
-8.263905346393585205e-02
8.334320187568664551e-01
5.365641117095947266e-01
-8.889064937829971313e-02
7.899213433265686035e-01
7.173071503639221191e-01
-5.808029696345329285e-02
7.902719378471374512e-01
6.391244530677795410e-01
-7.612106204032897949e-02
7.887615561485290527e-01
5.847821235656738281e-01
-8.355150371789932251e-02
7.884806394577026367e-01
5.406377911567687988e-01
-9.072874486446380615e-02
7.579167485237121582e-01
7.320262789726257324e-01
-6.109756603837013245e-02
7.465138435363769531e-01
6.702117919921875000e-01
-7.634226977825164795e-02
7.424069643020629883e-01
6.238079071044921875e-01
-8.405344933271408081e-02
7.422997355461120605e-01
5.865115523338317871e-01
-9.092731773853302002e-02
7.272565960884094238e-01
7.507326602935791016e-01
-6.321197003126144409e-02
7.052654623985290527e-01
7.064588069915771484e-01
-7.865541428327560425e-02
6.913399696350097656e-01
6.776564717292785645e-01
-8.621076494455337524e-02
6.802746653556823730e-01
6.503022909164428711e-01
-9.191817790269851685e-02
