4.223376512527465820e-01
9.088786840438842773e-01
3.297245143585314509e-07
3.888269066810607910e-01
8.514533638954162598e-01
-2.081867307424545288e-02
3.601008951663970947e-01
7.875286936759948730e-01
-3.590432554483413696e-02
3.363499343395233154e-01
7.327811121940612793e-01
-4.711124300956726074e-02
3.047593533992767334e-01
7.016515135765075684e-01
-5.791063234210014343e-02
3.777073323726654053e-01
8.075913786888122559e-01
-5.530190467834472656e-02
3.657394647598266602e-01
7.424879670143127441e-01
-8.340406417846679688e-02
3.600541353225708008e-01
6.956636905670166016e-01
-9.957715123891830444e-02
3.556128442287445068e-01
6.531212329864501953e-01
-1.103535965085029602e-01
4.112427532672882080e-01
8.192678689956665039e-01
-5.633978918194770813e-02
4.106349349021911621e-01
7.568667531013488770e-01
-8.497258275747299194e-02
4.101565480232238770e-01
7.056210041046142578e-01
-9.872542321681976318e-02
4.104819595813751221e-01
6.608111262321472168e-01
-1.085393354296684265e-01
4.467176198959350586e-01
8.302409052848815918e-01
-5.743205919861793518e-02
4.581791758537292480e-01
7.736383676528930664e-01
-8.508895337581634521e-02
4.632040560245513916e-01
7.278900742530822754e-01
-9.416145831346511841e-02
4.669098258018493652e-01
6.887390613555908203e-01
-9.821460396051406860e-02
4.792934358119964600e-01
8.395871520042419434e-01
-5.909989774227142334e-02
4.981033802032470703e-01
7.909176349639892578e-01
-8.161260932683944702e-02
5.056868791580200195e-01
7.561759948730468750e-01
-8.989868313074111938e-02
5.122998952865600586e-01
7.221989631652832031e-01
-9.461629390716552734e-02
7.694403529167175293e-01
8.240994215011596680e-01
4.133827928853861522e-07
8.013296723365783691e-01
7.672013044357299805e-01
-9.806281886994838715e-03
8.199064135551452637e-01
6.961649656295776367e-01
-2.262083254754543304e-02
8.372163176536560059e-01
6.348255276679992676e-01
-3.224415704607963562e-02
8.677639365196228027e-01
6.022891998291015625e-01
-4.385944455862045288e-02
8.000759482383728027e-01
7.128271460533142090e-01
-5.680829286575317383e-02
8.050376772880554199e-01
6.323826313018798828e-01
-7.748877257108688354e-02
8.066245317459106445e-01
5.800901651382446289e-01
-8.655889332294464111e-02
8.075726032257080078e-01
5.370361804962158203e-01
-9.231156855821609497e-02
7.687507271766662598e-01
7.238975167274475098e-01
-5.978849902749061584e-02
7.659559249877929688e-01
6.441491246223449707e-01
-7.879337668418884277e-02
7.624831795692443848e-01
5.871821045875549316e-01
-8.590865880250930786e-02
7.596502900123596191e-01
5.424814820289611816e-01
-9.272763133049011230e-02
7.367494106292724609e-01
7.379874587059020996e-01
-6.075686961412429810e-02
7.219869494438171387e-01
6.741942763328552246e-01
-7.679686695337295532e-02
7.144432663917541504e-01
6.248416900634765625e-01
-8.508059382438659668e-02
7.103545665740966797e-01
5.862216949462890625e-01
-9.198367595672607422e-02
7.077250480651855469e-01
7.532794475555419922e-01
-6.107430160045623779e-02
6.823345422744750977e-01
7.063002586364746094e-01
-7.599002122879028320e-02
6.654654145240783691e-01
6.765879988670349121e-01
-8.411118388175964355e-02
6.514314413070678711e-01
6.504175662994384766e-01
-9.036882966756820679e-02
