4.167315661907196045e-01
8.716251850128173828e-01
1.670485083593575837e-08
3.830104172229766846e-01
8.197883367538452148e-01
-2.429506927728652954e-02
3.507981896400451660e-01
7.558866143226623535e-01
-4.052156955003738403e-02
3.196187019348144531e-01
7.107308506965637207e-01
-5.330234766006469727e-02
2.852538228034973145e-01
6.884538531303405762e-01
-6.544866412878036499e-02
3.767113685607910156e-01
7.986834049224853516e-01
-5.609241127967834473e-02
3.607571125030517578e-01
7.611776590347290039e-01
-8.585594594478607178e-02
3.468928635120391846e-01
7.366117835044860840e-01
-1.029028519988059998e-01
3.337523341178894043e-01
7.122607827186584473e-01
-1.142659112811088562e-01
4.078262448310852051e-01
8.119584321975708008e-01
-5.661837011575698853e-02
4.041661322116851807e-01
7.796770930290222168e-01
-8.850192278623580933e-02
3.972742557525634766e-01
7.522528171539306641e-01
-1.039936840534210205e-01
3.913701474666595459e-01
7.266025543212890625e-01
-1.154363155364990234e-01
4.420585036277770996e-01
8.208867907524108887e-01
-5.758326128125190735e-02
4.539731144905090332e-01
7.869063019752502441e-01
-9.039174765348434448e-02
4.616472721099853516e-01
7.619648575782775879e-01
-9.963914752006530762e-02
4.679237902164459229e-01
7.377663254737854004e-01
-1.035188883543014526e-01
4.720405936241149902e-01
8.281517028808593750e-01
-5.945978686213493347e-02
4.878856539726257324e-01
7.932248115539550781e-01
-8.439275622367858887e-02
4.970002770423889160e-01
7.696489691734313965e-01
-9.229235351085662842e-02
5.076168179512023926e-01
7.451616525650024414e-01
-9.729705005884170532e-02
7.782523632049560547e-01
8.120743632316589355e-01
4.922213747704518028e-07
8.124088644981384277e-01
7.543264627456665039e-01
-1.145572122186422348e-02
8.427247405052185059e-01
6.846051812171936035e-01
-2.470467612147331238e-02
8.749356865882873535e-01
6.374238729476928711e-01
-3.516751155257225037e-02
9.097262620925903320e-01
6.139845252037048340e-01
-4.814930632710456848e-02
8.220376968383789062e-01
7.106345295906066895e-01
-6.242138147354125977e-02
8.485293388366699219e-01
6.442445516586303711e-01
-8.574076741933822632e-02
8.641985654830932617e-01
6.060253977775573730e-01
-9.716520458459854126e-02
8.817006349563598633e-01
5.730150938034057617e-01
-1.053348630666732788e-01
7.921222448348999023e-01
7.197220921516418457e-01
-6.715815514326095581e-02
8.050875067710876465e-01
6.645027995109558105e-01
-9.227652102708816528e-02
8.163458108901977539e-01
6.228719353675842285e-01
-1.047739386558532715e-01
8.293139934539794922e-01
5.888456702232360840e-01
-1.164351776242256165e-01
7.587517499923706055e-01
7.320335507392883301e-01
-6.966324895620346069e-02
7.547680139541625977e-01
6.900678873062133789e-01
-9.248434007167816162e-02
7.593313455581665039e-01
6.584317088127136230e-01
-1.033098846673965454e-01
7.660338878631591797e-01
6.328657269477844238e-01
-1.126739904284477234e-01
7.242839932441711426e-01
7.456529140472412109e-01
-7.157228887081146240e-02
7.062835693359375000e-01
7.118127942085266113e-01
-9.200664609670639038e-02
6.962167620658874512e-01
6.915809512138366699e-01
-1.025230363011360168e-01
6.890265941619873047e-01
6.713173985481262207e-01
-1.115470752120018005e-01
