4.160352051258087158e-01
9.105151295661926270e-01
4.181417807558318600e-07
3.872984051704406738e-01
8.534393906593322754e-01
-1.779543980956077576e-02
3.658048212528228760e-01
7.830582857131958008e-01
-3.393300995230674744e-02
3.494133353233337402e-01
7.232204079627990723e-01
-4.563203454017639160e-02
3.236984014511108398e-01
6.852481961250305176e-01
-5.713406577706336975e-02
3.790218532085418701e-01
8.046235442161560059e-01
-5.758599191904067993e-02
3.812175393104553223e-01
7.358554601669311523e-01
-8.292239904403686523e-02
3.887917995452880859e-01
6.885810494422912598e-01
-9.567403048276901245e-02
3.964208960533142090e-01
6.489179134368896484e-01
-1.029031574726104736e-01
4.138263463973999023e-01
8.234366178512573242e-01
-5.873516574501991272e-02
4.309563338756561279e-01
7.463433146476745605e-01
-8.226791024208068848e-02
4.434199333190917969e-01
6.932158470153808594e-01
-9.060678631067276001e-02
4.522002637386322021e-01
6.514353156089782715e-01
-9.663204848766326904e-02
4.486372172832489014e-01
8.390903472900390625e-01
-5.913231521844863892e-02
4.755770266056060791e-01
7.677500844001770020e-01
-8.046176284551620483e-02
4.880124628543853760e-01
7.140482664108276367e-01
-8.516004681587219238e-02
4.941730797290802002e-01
6.722431778907775879e-01
-8.691688627004623413e-02
4.796300828456878662e-01
8.516020178794860840e-01
-5.961139872670173645e-02
5.046952962875366211e-01
7.880741357803344727e-01
-7.523143291473388672e-02
5.146527886390686035e-01
7.471466064453125000e-01
-7.829640805721282959e-02
5.193697214126586914e-01
7.122243046760559082e-01
-7.969854027032852173e-02
7.769314646720886230e-01
8.423357009887695312e-01
3.998416389094927581e-07
8.055940866470336914e-01
7.826661467552185059e-01
-5.112882237881422043e-03
8.164950609207153320e-01
7.118153572082519531e-01
-1.865644566714763641e-02
8.277451992034912109e-01
6.498974561691284180e-01
-2.956543676555156708e-02
8.522180914878845215e-01
6.102114915847778320e-01
-4.301492497324943542e-02
8.056638836860656738e-01
7.267552614212036133e-01
-5.770540982484817505e-02
8.055568337440490723e-01
6.404165029525756836e-01
-7.715398818254470825e-02
8.023802638053894043e-01
5.897262096405029297e-01
-8.303873240947723389e-02
7.991632223129272461e-01
5.503353476524353027e-01
-8.600400388240814209e-02
7.744717001914978027e-01
7.414492368698120117e-01
-6.279964745044708252e-02
7.657638788223266602e-01
6.490957736968994141e-01
-8.036810904741287231e-02
7.585607767105102539e-01
5.954453349113464355e-01
-8.377462625503540039e-02
7.532124519348144531e-01
5.568863749504089355e-01
-8.697174489498138428e-02
7.420294880867004395e-01
7.577328681945800781e-01
-6.520389765501022339e-02
7.176830768585205078e-01
6.771623492240905762e-01
-7.953967154026031494e-02
7.036303281784057617e-01
6.266915798187255859e-01
-8.468403667211532593e-02
6.953610181808471680e-01
5.901074409484863281e-01
-8.909501880407333374e-02
7.138754129409790039e-01
7.747559547424316406e-01
-6.622893363237380981e-02
6.858183145523071289e-01
7.145651578903198242e-01
-7.908596843481063843e-02
6.694735288619995117e-01
6.785076260566711426e-01
-8.454641699790954590e-02
6.577164530754089355e-01
6.484160423278808594e-01
-8.852396160364151001e-02
