4.313971698284149170e-01
9.648044109344482422e-01
-3.375361075086402707e-07
4.122323393821716309e-01
9.059045314788818359e-01
-8.544764481484889984e-03
4.152331054210662842e-01
8.281061053276062012e-01
-2.188184112310409546e-02
4.328054785728454590e-01
7.720283269882202148e-01
-3.476931527256965637e-02
4.551181793212890625e-01
7.426307201385498047e-01
-4.476164281368255615e-02
4.200965762138366699e-01
8.430571556091308594e-01
-3.812972083687782288e-02
4.541748166084289551e-01
7.608109116554260254e-01
-6.138114258646965027e-02
4.562893211841583252e-01
7.838856577873229980e-01
-7.218679040670394897e-02
4.470627009868621826e-01
8.117460012435913086e-01
-7.596976310014724731e-02
4.464241266250610352e-01
8.711395859718322754e-01
-4.441282898187637329e-02
4.857627749443054199e-01
7.946513891220092773e-01
-6.228196993470191956e-02
4.823725223541259766e-01
8.181991577148437500e-01
-6.252767145633697510e-02
4.683870971202850342e-01
8.490626215934753418e-01
-6.160222738981246948e-02
4.766387045383453369e-01
8.971608281135559082e-01
-5.069031193852424622e-02
5.111542344093322754e-01
8.235799074172973633e-01
-6.130082532763481140e-02
5.063595175743103027e-01
8.435928821563720703e-01
-4.976769164204597473e-02
4.921852946281433105e-01
8.724811673164367676e-01
-4.194651171565055847e-02
5.046744346618652344e-01
9.200294017791748047e-01
-5.798280611634254456e-02
5.282240509986877441e-01
8.591592311859130859e-01
-6.099111586809158325e-02
5.220366716384887695e-01
8.763752579689025879e-01
-4.936860501766204834e-02
5.110677480697631836e-01
9.020580053329467773e-01
-4.154460504651069641e-02
7.806691527366638184e-01
9.038488268852233887e-01
-2.014839139974355930e-07
7.966070771217346191e-01
8.330641984939575195e-01
-5.000504199415445328e-03
7.821859717369079590e-01
7.464323639869689941e-01
-1.619973592460155487e-02
7.505950927734375000e-01
7.000066041946411133e-01
-2.606278657913208008e-02
7.252227663993835449e-01
7.011442780494689941e-01
-3.626471385359764099e-02
7.899894118309020996e-01
8.009563088417053223e-01
-4.288416728377342224e-02
7.481929659843444824e-01
7.186676859855651855e-01
-6.167842820286750793e-02
7.521936893463134766e-01
7.403410077095031738e-01
-6.790031492710113525e-02
7.641675472259521484e-01
7.692251205444335938e-01
-6.968785077333450317e-02
7.653573751449584961e-01
8.359475731849670410e-01
-4.868661239743232727e-02
7.200752496719360352e-01
7.482296228408813477e-01
-6.110986322164535522e-02
7.273849248886108398e-01
7.699790596961975098e-01
-5.721559002995491028e-02
7.420390844345092773e-01
7.982760667800903320e-01
-5.609952285885810852e-02
7.407684922218322754e-01
8.632543087005615234e-01
-5.326298624277114868e-02
7.025119066238403320e-01
7.821879982948303223e-01
-6.227007880806922913e-02
7.115696668624877930e-01
8.027821779251098633e-01
-5.025821551680564880e-02
7.247539162635803223e-01
8.279803991317749023e-01
-4.342570155858993530e-02
7.156836390495300293e-01
8.827670812606811523e-01
-5.782190710306167603e-02
6.888090372085571289e-01
8.144459724426269531e-01
-6.211530789732933044e-02
6.982761621475219727e-01
8.297441005706787109e-01
-5.107121542096138000e-02
7.081659436225891113e-01
8.549363613128662109e-01
-4.474589228630065918e-02
