4.173147678375244141e-01
8.735103607177734375e-01
7.195754658795294745e-09
3.831728696823120117e-01
8.189743757247924805e-01
-2.419306896626949310e-02
3.504770100116729736e-01
7.552851438522338867e-01
-4.072315618395805359e-02
3.184324204921722412e-01
7.098143100738525391e-01
-5.384744331240653992e-02
2.833098471164703369e-01
6.875134706497192383e-01
-6.629432737827301025e-02
3.768864870071411133e-01
7.978382706642150879e-01
-5.649387836456298828e-02
3.618434071540832520e-01
7.602519392967224121e-01
-8.656454831361770630e-02
3.471662104129791260e-01
7.360935211181640625e-01
-1.037203744053840637e-01
3.331012725830078125e-01
7.127416729927062988e-01
-1.150900498032569885e-01
4.079873859882354736e-01
8.112336397171020508e-01
-5.692332983016967773e-02
4.050017893314361572e-01
7.798036336898803711e-01
-8.912979066371917725e-02
3.984927535057067871e-01
7.526039481163024902e-01
-1.046124622225761414e-01
3.931796252727508545e-01
7.274991273880004883e-01
-1.161232367157936096e-01
4.422996938228607178e-01
8.202252388000488281e-01
-5.773855745792388916e-02
4.548351466655731201e-01
7.867959737777709961e-01
-9.058129042387008667e-02
4.621238410472869873e-01
7.615283131599426270e-01
-9.962437301874160767e-02
4.677520692348480225e-01
7.372994422912597656e-01
-1.034715250134468079e-01
4.724695682525634766e-01
8.276031017303466797e-01
-5.946833640336990356e-02
4.887126684188842773e-01
7.930941581726074219e-01
-8.415271341800689697e-02
4.967344701290130615e-01
7.696796655654907227e-01
-9.191641956567764282e-02
5.059701204299926758e-01
7.453317642211914062e-01
-9.694216400384902954e-02
7.789853215217590332e-01
8.099581003189086914e-01
4.930735713060130365e-07
8.131337761878967285e-01
7.550385594367980957e-01
-1.634932681918144226e-02
8.433524966239929199e-01
6.841763854026794434e-01
-3.139224648475646973e-02
8.749815821647644043e-01
6.358022093772888184e-01
-4.228670895099639893e-02
9.079852700233459473e-01
6.108055710792541504e-01
-5.591531842947006226e-02
8.204719424247741699e-01
7.136006951332092285e-01
-7.208019495010375977e-02
8.460740447044372559e-01
6.463472247123718262e-01
-9.792289882898330688e-02
8.613570332527160645e-01
6.069387793540954590e-01
-1.109657958149909973e-01
8.786989450454711914e-01
5.729246735572814941e-01
-1.202545240521430969e-01
7.903279662132263184e-01
7.213038206100463867e-01
-7.466551661491394043e-02
8.016987442970275879e-01
6.651303768157958984e-01
-1.017704755067825317e-01
8.126903176307678223e-01
6.237414479255676270e-01
-1.156612113118171692e-01
8.259699344635009766e-01
5.903328657150268555e-01
-1.286763697862625122e-01
7.572368383407592773e-01
7.313330769538879395e-01
-7.495873421430587769e-02
7.524684071540832520e-01
6.872162818908691406e-01
-9.906177967786788940e-02
7.570947408676147461e-01
6.572818756103515625e-01
-1.109049022197723389e-01
7.637560367584228516e-01
6.342952847480773926e-01
-1.213445961475372314e-01
7.227229475975036621e-01
7.428919076919555664e-01
-7.497763633728027344e-02
7.039933800697326660e-01
7.084358930587768555e-01
-9.647119045257568359e-02
6.946800947189331055e-01
6.890018582344055176e-01
-1.082737371325492859e-01
6.884948611259460449e-01
6.714667677879333496e-01
-1.185650527477264404e-01
