4.551657438278198242e-01
9.172070622444152832e-01
2.853818159564980306e-07
4.265443086624145508e-01
8.586860299110412598e-01
-1.738489978015422821e-02
4.095043540000915527e-01
7.873638272285461426e-01
-3.318576142191886902e-02
4.044945836067199707e-01
7.263948917388916016e-01
-4.398760572075843811e-02
3.891797065734863281e-01
6.847487688064575195e-01
-5.411680042743682861e-02
4.354801476001739502e-01
8.291308879852294922e-01
-6.021485850214958191e-02
4.541201293468475342e-01
7.377449274063110352e-01
-8.031266182661056519e-02
4.649607837200164795e-01
6.860736608505249023e-01
-8.632958680391311646e-02
4.731855392456054688e-01
6.509423255920410156e-01
-8.740917593240737915e-02
4.718213975429534912e-01
8.492329120635986328e-01
-5.829607695341110229e-02
4.904225766658782959e-01
7.504113912582397461e-01
-7.812029123306274414e-02
4.929563105106353760e-01
6.988928318023681641e-01
-7.837145775556564331e-02
4.910240769386291504e-01
6.725056171417236328e-01
-7.639975845813751221e-02
5.043998360633850098e-01
8.615598082542419434e-01
-5.474373698234558105e-02
5.231152176856994629e-01
7.654624581336975098e-01
-6.964562088251113892e-02
5.218995809555053711e-01
7.215067148208618164e-01
-6.381019949913024902e-02
5.151112675666809082e-01
7.029561996459960938e-01
-5.673522129654884338e-02
5.316448807716369629e-01
8.681237101554870605e-01
-5.160875618457794189e-02
5.476374626159667969e-01
7.877444028854370117e-01
-6.013659387826919556e-02
5.459653735160827637e-01
7.505677342414855957e-01
-5.467567220330238342e-02
5.382415056228637695e-01
7.319060564041137695e-01
-4.849424585700035095e-02
7.549296617507934570e-01
8.632143139839172363e-01
2.961635914289217908e-07
7.862434983253479004e-01
8.109697699546813965e-01
-1.046413928270339966e-02
8.000597357749938965e-01
7.418736219406127930e-01
-2.620488405227661133e-02
8.006614446640014648e-01
6.864657998085021973e-01
-3.765679895877838135e-02
7.919672727584838867e-01
6.481972932815551758e-01
-5.086418241262435913e-02
7.915595769882202148e-01
7.779588699340820312e-01
-6.831508874893188477e-02
7.769519090652465820e-01
6.914252042770385742e-01
-8.974272012710571289e-02
7.619566321372985840e-01
6.455571651458740234e-01
-9.513716399669647217e-02
7.480603456497192383e-01
6.198123693466186523e-01
-9.499669075012207031e-02
7.555697560310363770e-01
8.007217049598693848e-01
-7.042448967695236206e-02
7.319260835647583008e-01
7.048217058181762695e-01
-9.047582000494003296e-02
7.225911021232604980e-01
6.558700799942016602e-01
-8.996099978685379028e-02
7.184352874755859375e-01
6.327820420265197754e-01
-8.814079314470291138e-02
7.215174436569213867e-01
8.117547631263732910e-01
-6.991386413574218750e-02
6.999798417091369629e-01
7.172998189926147461e-01
-8.303090929985046387e-02
6.969323754310607910e-01
6.692825555801391602e-01
-7.896535843610763550e-02
6.985725164413452148e-01
6.450800895690917969e-01
-7.495495676994323730e-02
6.929054856300354004e-01
8.130891323089599609e-01
-6.896369904279708862e-02
6.733475923538208008e-01
7.292191982269287109e-01
-7.767202705144882202e-02
6.738723516464233398e-01
6.855484843254089355e-01
-7.496306300163269043e-02
6.797913312911987305e-01
6.596294641494750977e-01
-7.169587165117263794e-02
