4.439956247806549072e-01
8.999329805374145508e-01
7.833600790263517410e-08
4.055188596248626709e-01
8.528869748115539551e-01
-2.155277132987976074e-02
3.755106329917907715e-01
7.915975451469421387e-01
-3.789195790886878967e-02
3.511039912700653076e-01
7.362793087959289551e-01
-5.062744393944740295e-02
3.188833594322204590e-01
7.068161964416503906e-01
-6.296070665121078491e-02
4.096138477325439453e-01
8.271130919456481934e-01
-4.787068068981170654e-02
4.060246646404266357e-01
7.808901667594909668e-01
-7.092964649200439453e-02
4.006486535072326660e-01
7.412981986999511719e-01
-8.339568227529525757e-02
3.983336687088012695e-01
7.013583183288574219e-01
-9.168275445699691772e-02
4.522911906242370605e-01
8.374171257019042969e-01
-4.791430383920669556e-02
4.599076509475708008e-01
7.878428101539611816e-01
-6.790062785148620605e-02
4.628292918205261230e-01
7.450208663940429688e-01
-7.555326074361801147e-02
4.683500528335571289e-01
7.040507793426513672e-01
-8.296278119087219238e-02
4.872966706752777100e-01
8.411697149276733398e-01
-4.849119111895561218e-02
5.022084116935729980e-01
7.899633646011352539e-01
-7.030818611383438110e-02
5.110501646995544434e-01
7.516278624534606934e-01
-7.359306514263153076e-02
5.175400972366333008e-01
7.129617929458618164e-01
-7.472138106822967529e-02
5.120482444763183594e-01
8.397205471992492676e-01
-4.996535927057266235e-02
5.305612683296203613e-01
7.906469106674194336e-01
-6.425578147172927856e-02
5.375314354896545410e-01
7.581793665885925293e-01
-6.558073312044143677e-02
5.422861576080322266e-01
7.252129316329956055e-01
-6.691076606512069702e-02
7.580689191818237305e-01
8.495721817016601562e-01
3.146250548979878658e-07
7.908561229705810547e-01
7.934720516204833984e-01
-1.621993258595466614e-02
8.153529167175292969e-01
7.246157526969909668e-01
-3.213222324848175049e-02
8.383352160453796387e-01
6.641328930854797363e-01
-4.424920305609703064e-02
8.693279027938842773e-01
6.282013058662414551e-01
-5.805793032050132751e-02
7.976359128952026367e-01
7.686498165130615234e-01
-6.736446917057037354e-02
8.063580989837646484e-01
7.062354683876037598e-01
-9.463179856538772583e-02
8.126129508018493652e-01
6.624865531921386719e-01
-1.089328899979591370e-01
8.184531331062316895e-01
6.230669021606445312e-01
-1.182260140776634216e-01
7.634996175765991211e-01
7.825727462768554688e-01
-6.933080404996871948e-02
7.617182731628417969e-01
7.233102917671203613e-01
-9.636407345533370972e-02
7.608527541160583496e-01
6.723046302795410156e-01
-1.082735732197761536e-01
7.603448033332824707e-01
6.305890083312988281e-01
-1.189334690570831299e-01
7.293889522552490234e-01
7.915139198303222656e-01
-6.980141252279281616e-02
7.153743505477905273e-01
7.400052547454833984e-01
-9.393511712551116943e-02
7.103945016860961914e-01
6.955890655517578125e-01
-1.030483841896057129e-01
7.078759074211120605e-01
6.587892770767211914e-01
-1.099160388112068176e-01
6.972298622131347656e-01
7.976245880126953125e-01
-7.018817961215972900e-02
6.762457489967346191e-01
7.529865503311157227e-01
-8.931192755699157715e-02
6.618117690086364746e-01
7.200080156326293945e-01
-9.768632054328918457e-02
6.500361561775207520e-01
6.905003190040588379e-01
-1.045102104544639587e-01
