4.514842927455902100e-01
9.230357408523559570e-01
1.317940672151962644e-07
4.146393239498138428e-01
8.694765567779541016e-01
-1.836529187858104706e-02
3.831355869770050049e-01
8.032696247100830078e-01
-3.178308531641960144e-02
3.554430305957794189e-01
7.498506307601928711e-01
-4.252169281244277954e-02
3.221555352210998535e-01
7.233126163482666016e-01
-5.297423899173736572e-02
4.216016232967376709e-01
8.277791738510131836e-01
-3.959589824080467224e-02
4.187533557415008545e-01
7.742245197296142578e-01
-5.848344787955284119e-02
4.138103127479553223e-01
7.361351251602172852e-01
-6.857717782258987427e-02
4.119301736354827881e-01
6.987947225570678711e-01
-7.563766092061996460e-02
4.616291224956512451e-01
8.383050560951232910e-01
-4.077514261007308960e-02
4.690488874912261963e-01
7.808794975280761719e-01
-5.816754326224327087e-02
4.747126698493957520e-01
7.382832765579223633e-01
-6.668626517057418823e-02
4.837682545185089111e-01
6.995236277580261230e-01
-7.468912005424499512e-02
4.949647784233093262e-01
8.457920551300048828e-01
-4.243291169404983521e-02
5.119180679321289062e-01
7.906960248947143555e-01
-6.321294605731964111e-02
5.284469723701477051e-01
7.546957731246948242e-01
-6.974247843027114868e-02
5.437563061714172363e-01
7.210804820060729980e-01
-7.308077812194824219e-02
5.196635723114013672e-01
8.493701815605163574e-01
-4.453574493527412415e-02
5.421408414840698242e-01
7.981994152069091797e-01
-5.837352946400642395e-02
5.568047165870666504e-01
7.691907882690429688e-01
-6.122335791587829590e-02
5.704058408737182617e-01
7.409905195236206055e-01
-6.380850076675415039e-02
7.815789580345153809e-01
8.620818853378295898e-01
4.105057769265840761e-07
8.132091760635375977e-01
8.032543063163757324e-01
-1.116131898015737534e-02
8.374295830726623535e-01
7.313224077224731445e-01
-2.546647377312183380e-02
8.637113571166992188e-01
6.735079288482666016e-01
-3.675610572099685669e-02
8.971971273422241211e-01
6.444620490074157715e-01
-4.977978393435478210e-02
8.236361145973205566e-01
7.633204460144042969e-01
-6.280849128961563110e-02
8.398562669754028320e-01
6.914267539978027344e-01
-8.696245402097702026e-02
8.470640182495117188e-01
6.439869999885559082e-01
-9.781492501497268677e-02
8.536450862884521484e-01
6.020241379737854004e-01
-1.051519513130187988e-01
7.908387780189514160e-01
7.739599943161010742e-01
-6.748861074447631836e-02
7.963082194328308105e-01
7.075797915458679199e-01
-9.427510946989059448e-02
7.989812493324279785e-01
6.545778512954711914e-01
-1.065111085772514343e-01
8.000404238700866699e-01
6.091734170913696289e-01
-1.168102696537971497e-01
7.558717131614685059e-01
7.838760018348693848e-01
-6.984490901231765747e-02
7.459709644317626953e-01
7.294735312461853027e-01
-9.444963932037353516e-02
7.450095415115356445e-01
6.876268386840820312e-01
-1.054509580135345459e-01
7.444459199905395508e-01
6.518176794052124023e-01
-1.132416948676109314e-01
7.234224081039428711e-01
7.932451963424682617e-01
-7.135047018527984619e-02
7.054203748703002930e-01
7.476971149444580078e-01
-9.238116443157196045e-02
6.913889646530151367e-01
7.191711068153381348e-01
-1.023047342896461487e-01
6.780581474304199219e-01
6.917652487754821777e-01
-1.096487119793891907e-01
