4.546359777450561523e-01
9.215342998504638672e-01
1.278345678201731062e-07
4.190263748168945312e-01
8.680192828178405762e-01
-1.825381256639957428e-02
3.884931504726409912e-01
8.041334748268127441e-01
-3.222846984863281250e-02
3.609392344951629639e-01
7.521398067474365234e-01
-4.368828609585762024e-02
3.280963897705078125e-01
7.263050079345703125e-01
-5.493837222456932068e-02
4.275057315826416016e-01
8.286061286926269531e-01
-4.034835472702980042e-02
4.251532852649688721e-01
7.781926393508911133e-01
-6.039838492870330811e-02
4.197778701782226562e-01
7.401981353759765625e-01
-7.129532098770141602e-02
4.170736372470855713e-01
7.027075886726379395e-01
-7.865465432405471802e-02
4.676747322082519531e-01
8.395426869392395020e-01
-4.181949049234390259e-02
4.752141833305358887e-01
7.821968793869018555e-01
-5.994596704840660095e-02
4.804506599903106689e-01
7.392140626907348633e-01
-6.864594668149948120e-02
4.891175329685211182e-01
7.005100250244140625e-01
-7.663254439830780029e-02
5.012068152427673340e-01
8.469854593276977539e-01
-4.376230016350746155e-02
5.182256102561950684e-01
7.931597828865051270e-01
-6.467422842979431152e-02
5.342711806297302246e-01
7.576364278793334961e-01
-7.088141143321990967e-02
5.486465692520141602e-01
7.242716550827026367e-01
-7.392346113920211792e-02
5.256814360618591309e-01
8.503224849700927734e-01
-4.619577527046203613e-02
5.479113459587097168e-01
8.016732931137084961e-01
-5.937279760837554932e-02
5.614267587661743164e-01
7.726811766624450684e-01
-6.158412620425224304e-02
5.736382007598876953e-01
7.438818812370300293e-01
-6.373876333236694336e-02
7.874264121055603027e-01
8.734684586524963379e-01
3.807392658927710727e-07
8.169952630996704102e-01
8.141732215881347656e-01
-1.122903265058994293e-02
8.397758603096008301e-01
7.420501708984375000e-01
-2.569586224853992462e-02
8.660835027694702148e-01
6.858525872230529785e-01
-3.737043216824531555e-02
9.008567929267883301e-01
6.593434810638427734e-01
-5.114768072962760925e-02
8.271382451057434082e-01
7.706164717674255371e-01
-6.304378807544708252e-02
8.426411747932434082e-01
6.984116435050964355e-01
-8.728480339050292969e-02
8.486624360084533691e-01
6.527023315429687500e-01
-9.860738366842269897e-02
8.544344902038574219e-01
6.125607490539550781e-01
-1.063383594155311584e-01
7.968058586120605469e-01
7.828240394592285156e-01
-6.824200600385665894e-02
8.007283806800842285e-01
7.191074490547180176e-01
-9.570288658142089844e-02
8.027943968772888184e-01
6.674246191978454590e-01
-1.085003241896629333e-01
8.040160536766052246e-01
6.230572462081909180e-01
-1.189813762903213501e-01
7.637321352958679199e-01
7.958402037620544434e-01
-7.112572342157363892e-02
7.518484592437744141e-01
7.416690587997436523e-01
-9.643063694238662720e-02
7.489529252052307129e-01
6.996556520462036133e-01
-1.080147698521614075e-01
7.466822266578674316e-01
6.638793349266052246e-01
-1.159785166382789612e-01
7.315570116043090820e-01
8.085836768150329590e-01
-7.311196625232696533e-02
7.109504938125610352e-01
7.620507478713989258e-01
-9.515119343996047974e-02
6.958963274955749512e-01
7.342855930328369141e-01
-1.052700653672218323e-01
6.814829707145690918e-01
7.087203860282897949e-01
-1.124343946576118469e-01
