4.652741849422454834e-01
9.312471747398376465e-01
1.377453031636832748e-07
4.333665668964385986e-01
8.748359680175781250e-01
-1.740628667175769806e-02
4.071664512157440186e-01
8.081989288330078125e-01
-3.088221512734889984e-02
3.846932351589202881e-01
7.541033625602722168e-01
-4.196447134017944336e-02
3.544907569885253906e-01
7.272414565086364746e-01
-5.311148613691329956e-02
4.426167905330657959e-01
8.380607962608337402e-01
-3.943989053368568420e-02
4.452121853828430176e-01
7.859625220298767090e-01
-5.754153430461883545e-02
4.434621930122375488e-01
7.464093565940856934e-01
-6.713628023862838745e-02
4.443783760070800781e-01
7.068682909011840820e-01
-7.385210692882537842e-02
4.818253517150878906e-01
8.537258505821228027e-01
-4.105902463197708130e-02
4.947999417781829834e-01
7.990768551826477051e-01
-5.835213139653205872e-02
5.022608041763305664e-01
7.542644739151000977e-01
-6.656063348054885864e-02
5.125517249107360840e-01
7.147255539894104004e-01
-7.418108731508255005e-02
5.144961476325988770e-01
8.640897870063781738e-01
-4.289108142256736755e-02
5.392813682556152344e-01
8.103789091110229492e-01
-6.295550614595413208e-02
5.551801919937133789e-01
7.721188068389892578e-01
-6.894978880882263184e-02
5.686157345771789551e-01
7.364202737808227539e-01
-7.189802080392837524e-02
5.380897521972656250e-01
8.690310716629028320e-01
-4.509442672133445740e-02
5.652475953102111816e-01
8.200480341911315918e-01
-5.826634168624877930e-02
5.788612365722656250e-01
7.885312438011169434e-01
-6.053542345762252808e-02
5.905064344406127930e-01
7.575112581253051758e-01
-6.263750791549682617e-02
7.979702353477478027e-01
8.949207067489624023e-01
3.593277426716667833e-07
8.292616605758666992e-01
8.389719724655151367e-01
-1.161674596369266510e-02
8.548214435577392578e-01
7.712211608886718750e-01
-2.505970001220703125e-02
8.811108469963073730e-01
7.191156148910522461e-01
-3.580676764249801636e-02
9.137807488441467285e-01
6.935603618621826172e-01
-4.864140972495079041e-02
8.379379510879516602e-01
8.003807663917541504e-01
-6.076053529977798462e-02
8.529860377311706543e-01
7.336500287055969238e-01
-8.486979454755783081e-02
8.593273758888244629e-01
6.901080012321472168e-01
-9.676483273506164551e-02
8.652725815773010254e-01
6.504757404327392578e-01
-1.050241813063621521e-01
8.076988458633422852e-01
8.122596144676208496e-01
-6.550966948270797729e-02
8.122946023941040039e-01
7.498028278350830078e-01
-9.197464585304260254e-02
8.146210908889770508e-01
6.998870968818664551e-01
-1.050507128238677979e-01
8.165469169616699219e-01
6.566917896270751953e-01
-1.162560954689979553e-01
7.747522592544555664e-01
8.240748047828674316e-01
-6.825259327888488770e-02
7.657282352447509766e-01
7.722437381744384766e-01
-9.356062114238739014e-02
7.629883289337158203e-01
7.317777276039123535e-01
-1.053970381617546082e-01
7.609133720397949219e-01
6.971060633659362793e-01
-1.136721000075340271e-01
7.422004342079162598e-01
8.346282243728637695e-01
-7.017105817794799805e-02
7.253341674804687500e-01
7.892562747001647949e-01
-9.198118746280670166e-02
7.117592692375183105e-01
7.604736685752868652e-01
-1.023640409111976624e-01
6.982752680778503418e-01
7.338746190071105957e-01
-1.100290119647979736e-01
