4.119070768356323242e-01
8.649286627769470215e-01
2.850983094049297506e-08
3.757716715335845947e-01
8.142365813255310059e-01
-2.222855761647224426e-02
3.437569141387939453e-01
7.547975182533264160e-01
-3.861520811915397644e-02
3.132367134094238281e-01
7.113301157951354980e-01
-5.207318812608718872e-02
2.806759476661682129e-01
6.880910992622375488e-01
-6.495596468448638916e-02
3.699685931205749512e-01
7.946259975433349609e-01
-5.505168065428733826e-02
3.553385436534881592e-01
7.589315772056579590e-01
-8.463367074728012085e-02
3.418534398078918457e-01
7.343437671661376953e-01
-1.014170348644256592e-01
3.283100426197052002e-01
7.112671732902526855e-01
-1.121176108717918396e-01
4.021833240985870361e-01
8.094943165779113770e-01
-5.629365518689155579e-02
3.973509371280670166e-01
7.752671241760253906e-01
-8.546881377696990967e-02
3.918664753437042236e-01
7.457533478736877441e-01
-9.861265122890472412e-02
3.869118094444274902e-01
7.190413475036621094e-01
-1.087967678904533386e-01
4.363387227058410645e-01
8.198921680450439453e-01
-5.795975029468536377e-02
4.460022151470184326e-01
7.887038588523864746e-01
-8.807386457920074463e-02
4.529150724411010742e-01
7.623319625854492188e-01
-9.538246691226959229e-02
4.584804177284240723e-01
7.360745072364807129e-01
-9.834898263216018677e-02
4.658823013305664062e-01
8.283619880676269531e-01
-6.052715331315994263e-02
4.827060103416442871e-01
7.949493527412414551e-01
-8.335095643997192383e-02
4.924208521842956543e-01
7.708129882812500000e-01
-8.994285762310028076e-02
5.032978653907775879e-01
7.456057667732238770e-01
-9.428538382053375244e-02
7.741909623146057129e-01
8.154979348182678223e-01
5.276883143778832164e-07
8.093881011009216309e-01
7.512080073356628418e-01
-8.123246952891349792e-03
8.370463848114013672e-01
6.803154945373535156e-01
-2.255797386169433594e-02
8.663958311080932617e-01
6.316124200820922852e-01
-3.482548892498016357e-02
9.018334150314331055e-01
6.091799736022949219e-01
-4.964264854788780212e-02
8.182590007781982422e-01
7.055184245109558105e-01
-6.457706540822982788e-02
8.404329419136047363e-01
6.362984776496887207e-01
-9.156142175197601318e-02
8.554572463035583496e-01
5.955383181571960449e-01
-1.050682812929153442e-01
8.720868229866027832e-01
5.595141053199768066e-01
-1.143464669585227966e-01
7.871298193931579590e-01
7.160697579383850098e-01
-7.219602912664413452e-02
7.972053289413452148e-01
6.592931151390075684e-01
-1.036058366298675537e-01
8.075132369995117188e-01
6.130180954933166504e-01
-1.197415888309478760e-01
8.192377090454101562e-01
5.731189846992492676e-01
-1.330560594797134399e-01
7.518130540847778320e-01
7.294115424156188965e-01
-7.700303196907043457e-02
7.465554475784301758e-01
6.860289573669433594e-01
-1.051310300827026367e-01
7.495632767677307129e-01
6.499433517456054688e-01
-1.191385239362716675e-01
7.543816566467285156e-01
6.183761358261108398e-01
-1.296707689762115479e-01
7.166407108306884766e-01
7.441988587379455566e-01
-8.048760890960693359e-02
7.000559568405151367e-01
7.069229483604431152e-01
-1.040976047515869141e-01
6.897028684616088867e-01
6.851604580879211426e-01
-1.161140576004981995e-01
6.809521317481994629e-01
6.624810099601745605e-01
-1.255969107151031494e-01
