4.655881524085998535e-01
9.288864135742187500e-01
1.411864190004052944e-07
4.345687925815582275e-01
8.741698861122131348e-01
-1.733279600739479065e-02
4.090115427970886230e-01
8.084816932678222656e-01
-3.102705627679824829e-02
3.851966857910156250e-01
7.551348209381103516e-01
-4.238625988364219666e-02
3.546900749206542969e-01
7.269724607467651367e-01
-5.378761142492294312e-02
4.429550766944885254e-01
8.367274999618530273e-01
-3.942944109439849854e-02
4.441554248332977295e-01
7.844270467758178711e-01
-5.841723829507827759e-02
4.400957822799682617e-01
7.432498335838317871e-01
-6.866702437400817871e-02
4.388760626316070557e-01
7.026237249374389648e-01
-7.558301091194152832e-02
4.815173149108886719e-01
8.519379496574401855e-01
-4.123559594154357910e-02
4.946191012859344482e-01
7.970553040504455566e-01
-5.915940180420875549e-02
5.018164515495300293e-01
7.507322430610656738e-01
-6.784929335117340088e-02
5.116323828697204590e-01
7.095256447792053223e-01
-7.547321915626525879e-02
5.140382051467895508e-01
8.616845011711120605e-01
-4.324700310826301575e-02
5.380279421806335449e-01
8.073464035987854004e-01
-6.334991753101348877e-02
5.537803769111633301e-01
7.692207694053649902e-01
-6.897845119237899780e-02
5.670666694641113281e-01
7.326917052268981934e-01
-7.138554006814956665e-02
5.379645824432373047e-01
8.660098314285278320e-01
-4.570156708359718323e-02
5.645825266838073730e-01
8.172358274459838867e-01
-5.842075124382972717e-02
5.791535973548889160e-01
7.868754267692565918e-01
-5.985893681645393372e-02
5.921257138252258301e-01
7.569133639335632324e-01
-6.106328591704368591e-02
7.998504638671875000e-01
8.886612057685852051e-01
4.466035647965327371e-07
8.356783986091613770e-01
8.329954147338867188e-01
-1.282291300594806671e-02
8.620759844779968262e-01
7.654638886451721191e-01
-2.691607549786567688e-02
8.874576687812805176e-01
7.143100500106811523e-01
-3.774163872003555298e-02
9.211805462837219238e-01
6.948081254959106445e-01
-5.044337734580039978e-02
8.442643880844116211e-01
7.956628799438476562e-01
-6.234969943761825562e-02
8.594876527786254883e-01
7.269929647445678711e-01
-8.633987605571746826e-02
8.668493032455444336e-01
6.829304099082946777e-01
-9.745637327432632446e-02
8.734688758850097656e-01
6.437166929244995117e-01
-1.051034256815910339e-01
8.126721382141113281e-01
8.060173392295837402e-01
-6.660471111536026001e-02
8.195508122444152832e-01
7.448309063911437988e-01
-9.489659965038299561e-02
8.226042389869689941e-01
6.942059993743896484e-01
-1.088861078023910522e-01
8.249895572662353516e-01
6.509625315666198730e-01
-1.200908198952674866e-01
7.782092094421386719e-01
8.164516687393188477e-01
-6.871490180492401123e-02
7.703986763954162598e-01
7.678323984146118164e-01
-9.504630416631698608e-02
7.704265117645263672e-01
7.269361019134521484e-01
-1.081570684909820557e-01
7.710868716239929199e-01
6.909768581390380859e-01
-1.171139627695083618e-01
7.450627088546752930e-01
8.258512020111083984e-01
-6.995202600955963135e-02
7.285122275352478027e-01
7.857669591903686523e-01
-9.166792780160903931e-02
7.163324356079101562e-01
7.585831284523010254e-01
-1.025681346654891968e-01
7.046166658401489258e-01
7.306676506996154785e-01
-1.107137948274612427e-01
