4.430055022239685059e-01
9.320534467697143555e-01
1.489667056375765242e-07
4.099809825420379639e-01
8.811378479003906250e-01
-2.057677693665027618e-02
3.823555111885070801e-01
8.209102749824523926e-01
-3.573464602231979370e-02
3.570418357849121094e-01
7.690234780311584473e-01
-4.757333174347877502e-02
3.265664577484130859e-01
7.370638251304626465e-01
-5.899025499820709229e-02
4.149410426616668701e-01
8.386253714561462402e-01
-4.371429979801177979e-02
4.126076400279998779e-01
7.879109978675842285e-01
-6.429950892925262451e-02
4.063334465026855469e-01
7.477460503578186035e-01
-7.530996948480606079e-02
4.038819372653961182e-01
7.090425491333007812e-01
-8.290570229291915894e-02
4.544892013072967529e-01
8.491072654724121094e-01
-4.324935376644134521e-02
4.609374403953552246e-01
7.972851991653442383e-01
-6.482700258493423462e-02
4.652079343795776367e-01
7.522364854812622070e-01
-7.513802498579025269e-02
4.724943339824676514e-01
7.108057737350463867e-01
-8.336749672889709473e-02
4.885726571083068848e-01
8.562549948692321777e-01
-4.298597574234008789e-02
5.050946474075317383e-01
8.077065944671630859e-01
-6.618708372116088867e-02
5.177059173583984375e-01
7.705324292182922363e-01
-7.207813113927841187e-02
5.279955267906188965e-01
7.341769933700561523e-01
-7.421423494815826416e-02
5.138565897941589355e-01
8.596817851066589355e-01
-4.337838664650917053e-02
5.361371040344238281e-01
8.182318210601806641e-01
-5.862217769026756287e-02
5.464715957641601562e-01
7.898435592651367188e-01
-6.143483892083168030e-02
5.550760030746459961e-01
7.600449919700622559e-01
-6.321603804826736450e-02
7.850630879402160645e-01
8.877768516540527344e-01
4.235582480305311037e-07
8.198408484458923340e-01
8.306252360343933105e-01
-1.162055600434541702e-02
8.453165292739868164e-01
7.620605826377868652e-01
-2.476569823920726776e-02
8.708149194717407227e-01
7.088462114334106445e-01
-3.536534681916236877e-02
9.032270312309265137e-01
6.809173226356506348e-01
-4.819494113326072693e-02
8.262165784835815430e-01
7.955754399299621582e-01
-5.824637040495872498e-02
8.407192826271057129e-01
7.252197861671447754e-01
-7.986857742071151733e-02
8.459750413894653320e-01
6.807883381843566895e-01
-8.934874087572097778e-02
8.519809246063232422e-01
6.409699916839599609e-01
-9.588852524757385254e-02
7.943564057350158691e-01
8.060582876205444336e-01
-6.201858073472976685e-02
8.001077175140380859e-01
7.434525489807128906e-01
-8.586569130420684814e-02
8.022465109825134277e-01
6.931053400039672852e-01
-9.666424989700317383e-02
8.053868412971496582e-01
6.508957147598266602e-01
-1.063595935702323914e-01
7.602691054344177246e-01
8.176358342170715332e-01
-6.387065351009368896e-02
7.528495788574218750e-01
7.690899372100830078e-01
-8.616177737712860107e-02
7.513232231140136719e-01
7.296777367591857910e-01
-9.637951105833053589e-02
7.514929771423339844e-01
6.956802606582641602e-01
-1.041620746254920959e-01
7.272185087203979492e-01
8.288068175315856934e-01
-6.511517614126205444e-02
7.094398140907287598e-01
7.921276092529296875e-01
-8.428870886564254761e-02
6.979755759239196777e-01
7.673009037971496582e-01
-9.396049380302429199e-02
6.877968311309814453e-01
7.435222864151000977e-01
-1.016098484396934509e-01
