4.380401074886322021e-01
9.374852776527404785e-01
1.202449766424251720e-07
4.031921923160552979e-01
8.853732943534851074e-01
-1.867718808352947235e-02
3.749822080135345459e-01
8.235367536544799805e-01
-3.332570940256118774e-02
3.501025736331939697e-01
7.701658010482788086e-01
-4.524920880794525146e-02
3.182349205017089844e-01
7.408740520477294922e-01
-5.708235874772071838e-02
4.062222242355346680e-01
8.498777151107788086e-01
-4.371022433042526245e-02
4.026288688182830811e-01
7.957945466041564941e-01
-6.491365283727645874e-02
3.949779868125915527e-01
7.547772526741027832e-01
-7.612514495849609375e-02
3.901475369930267334e-01
7.155076265335083008e-01
-8.375807106494903564e-02
4.450743496417999268e-01
8.605571985244750977e-01
-4.514105990529060364e-02
4.503031075000762939e-01
8.051988482475280762e-01
-6.635288149118423462e-02
4.530231654644012451e-01
7.592290043830871582e-01
-7.617358118295669556e-02
4.584391415119171143e-01
7.183732986450195312e-01
-8.440349996089935303e-02
4.784560501575469971e-01
8.678416609764099121e-01
-4.677386209368705750e-02
4.958174824714660645e-01
8.124968409538269043e-01
-6.983890384435653687e-02
5.081486105918884277e-01
7.737814188003540039e-01
-7.577954232692718506e-02
5.177975296974182129e-01
7.369573712348937988e-01
-7.827349752187728882e-02
5.032469034194946289e-01
8.714843392372131348e-01
-4.888794198632240295e-02
5.266244411468505859e-01
8.235567212104797363e-01
-6.423722952604293823e-02
5.382102727890014648e-01
7.931728959083557129e-01
-6.715174019336700439e-02
5.474037528038024902e-01
7.626729607582092285e-01
-6.936537474393844604e-02
7.858648300170898438e-01
8.847422599792480469e-01
4.181652570878213737e-07
8.180344104766845703e-01
8.270849585533142090e-01
-1.211425568908452988e-02
8.412524461746215820e-01
7.555967569351196289e-01
-2.615267597138881683e-02
8.655247092247009277e-01
7.005102634429931641e-01
-3.706925362348556519e-02
8.985806107521057129e-01
6.736489534378051758e-01
-5.012243613600730896e-02
8.234959840774536133e-01
7.845716476440429688e-01
-6.311047077178955078e-02
8.371941447257995605e-01
7.144828438758850098e-01
-8.694668859243392944e-02
8.425495028495788574e-01
6.705600023269653320e-01
-9.764344245195388794e-02
8.479305505752563477e-01
6.321005821228027344e-01
-1.049963608384132385e-01
7.924881577491760254e-01
7.950961589813232422e-01
-6.760751456022262573e-02
7.974876165390014648e-01
7.337359189987182617e-01
-9.534674882888793945e-02
7.993095517158508301e-01
6.841948032379150391e-01
-1.087077558040618896e-01
8.014035820960998535e-01
6.420865058898925781e-01
-1.195848956704139709e-01
7.588306069374084473e-01
8.081830739974975586e-01
-6.976246833801269531e-02
7.508268952369689941e-01
7.606751322746276855e-01
-9.543998539447784424e-02
7.500456571578979492e-01
7.221435904502868652e-01
-1.076084598898887634e-01
7.502819299697875977e-01
6.877644062042236328e-01
-1.162513941526412964e-01
7.262044548988342285e-01
8.220216631889343262e-01
-7.100149989128112793e-02
7.091377973556518555e-01
7.865173220634460449e-01
-9.295889735221862793e-02
6.971694827079772949e-01
7.630421519279479980e-01
-1.035256311297416687e-01
6.858592629432678223e-01
7.387244701385498047e-01
-1.113272830843925476e-01
