4.394816458225250244e-01
9.336884021759033203e-01
1.118570409630592621e-07
4.037075936794281006e-01
8.835419416427612305e-01
-1.979413628578186035e-02
3.750329613685607910e-01
8.238729834556579590e-01
-3.419060260057449341e-02
3.500207364559173584e-01
7.714145779609680176e-01
-4.574391990900039673e-02
3.187563419342041016e-01
7.416878342628479004e-01
-5.697147548198699951e-02
4.083703756332397461e-01
8.500604033470153809e-01
-4.403793811798095703e-02
4.022955894470214844e-01
7.947053909301757812e-01
-6.505232304334640503e-02
3.938857316970825195e-01
7.526152133941650391e-01
-7.601927220821380615e-02
3.885188400745391846e-01
7.129966020584106445e-01
-8.355813473463058472e-02
4.485069215297698975e-01
8.568434715270996094e-01
-4.451789706945419312e-02
4.515710771083831787e-01
8.037930130958557129e-01
-6.593538075685501099e-02
4.539180696010589600e-01
7.573338150978088379e-01
-7.575388252735137939e-02
4.591287672519683838e-01
7.155297398567199707e-01
-8.397509157657623291e-02
4.823153913021087646e-01
8.605057001113891602e-01
-4.535500705242156982e-02
4.966383576393127441e-01
8.097446560859680176e-01
-6.866158545017242432e-02
5.086891055107116699e-01
7.716150879859924316e-01
-7.485862076282501221e-02
5.184465050697326660e-01
7.353488206863403320e-01
-7.749875634908676147e-02
5.070511698722839355e-01
8.617104291915893555e-01
-4.685738310217857361e-02
5.285227298736572266e-01
8.180560469627380371e-01
-6.284978985786437988e-02
5.393970012664794922e-01
7.900542020797729492e-01
-6.641584634780883789e-02
5.482905507087707520e-01
7.618963718414306641e-01
-6.896445155143737793e-02
7.859125137329101562e-01
8.847573995590209961e-01
4.341721933087683283e-07
8.173823356628417969e-01
8.277528882026672363e-01
-1.353232376277446747e-02
8.399692773818969727e-01
7.552160620689392090e-01
-2.850005589425563812e-02
8.645471334457397461e-01
6.991319060325622559e-01
-3.995810076594352722e-02
8.982245326042175293e-01
6.717486381530761719e-01
-5.345223844051361084e-02
8.230543732643127441e-01
7.847812771797180176e-01
-6.635335087776184082e-02
8.370054364204406738e-01
7.134208083152770996e-01
-9.144033491611480713e-02
8.426997661590576172e-01
6.692150831222534180e-01
-1.030277088284492493e-01
8.480824232101440430e-01
6.298648715019226074e-01
-1.111877262592315674e-01
7.924708127975463867e-01
7.974550127983093262e-01
-7.045557349920272827e-02
7.984965443611145020e-01
7.352178096771240234e-01
-1.004676893353462219e-01
8.004368543624877930e-01
6.849326491355895996e-01
-1.150440350174903870e-01
8.021742701530456543e-01
6.413385272026062012e-01
-1.268753707408905029e-01
7.591632604598999023e-01
8.118042349815368652e-01
-7.217764109373092651e-02
7.508164048194885254e-01
7.632904648780822754e-01
-9.999550133943557739e-02
7.495824694633483887e-01
7.243157625198364258e-01
-1.128923073410987854e-01
7.491096854209899902e-01
6.896803379058837891e-01
-1.217929497361183167e-01
7.269079685211181641e-01
8.253119587898254395e-01
-7.296623289585113525e-02
7.100384235382080078e-01
7.866646051406860352e-01
-9.659492224454879761e-02
6.983079910278320312e-01
7.634413242340087891e-01
-1.079537644982337952e-01
6.869758963584899902e-01
7.396838665008544922e-01
-1.163362488150596619e-01
