4.379074573516845703e-01
9.333004951477050781e-01
1.217212854953686474e-07
4.037727713584899902e-01
8.812677860260009766e-01
-1.951740495860576630e-02
3.751107752323150635e-01
8.201769590377807617e-01
-3.384308144450187683e-02
3.494797646999359131e-01
7.682274580001831055e-01
-4.538353532552719116e-02
3.176760375499725342e-01
7.386338710784912109e-01
-5.661672726273536682e-02
4.086141586303710938e-01
8.449831604957580566e-01
-4.199130460619926453e-02
4.042458534240722656e-01
7.933461666107177734e-01
-6.235074996948242188e-02
3.964345753192901611e-01
7.528291344642639160e-01
-7.334204018115997314e-02
3.915776014328002930e-01
7.137932777404785156e-01
-8.085365593433380127e-02
4.473424255847930908e-01
8.566877245903015137e-01
-4.274129122495651245e-02
4.522193074226379395e-01
8.027718663215637207e-01
-6.301699578762054443e-02
4.555593132972717285e-01
7.564149498939514160e-01
-7.255915552377700806e-02
4.616633951663970947e-01
7.146735191345214844e-01
-8.066137135028839111e-02
4.806925058364868164e-01
8.649586439132690430e-01
-4.391634464263916016e-02
4.979863166809082031e-01
8.114786744117736816e-01
-6.644166260957717896e-02
5.107146501541137695e-01
7.723424434661865234e-01
-7.234586030244827271e-02
5.206289291381835938e-01
7.349925637245178223e-01
-7.475411146879196167e-02
5.054516196250915527e-01
8.696262836456298828e-01
-4.569178819656372070e-02
5.281770229339599609e-01
8.215372562408447266e-01
-6.046129390597343445e-02
5.393803715705871582e-01
7.904617786407470703e-01
-6.296134740114212036e-02
5.481564998626708984e-01
7.595241069793701172e-01
-6.486647576093673706e-02
7.898375988006591797e-01
8.796575069427490234e-01
4.353079816610261332e-07
8.210462331771850586e-01
8.207436203956604004e-01
-1.252513006329536438e-02
8.419293165206909180e-01
7.501297593116760254e-01
-2.682984434068202972e-02
8.658633232116699219e-01
6.947679519653320312e-01
-3.825185075402259827e-02
8.984599113464355469e-01
6.661018133163452148e-01
-5.174236744642257690e-02
8.259202241897583008e-01
7.811347842216491699e-01
-6.208340823650360107e-02
8.393856287002563477e-01
7.108799219131469727e-01
-8.650911599397659302e-02
8.437791466712951660e-01
6.660311222076416016e-01
-9.774117916822433472e-02
8.478411436080932617e-01
6.263556480407714844e-01
-1.054303199052810669e-01
7.952344417572021484e-01
7.925244569778442383e-01
-6.656289845705032349e-02
7.988593578338623047e-01
7.317869067192077637e-01
-9.519328922033309937e-02
8.009658455848693848e-01
6.806935667991638184e-01
-1.087374985218048096e-01
8.033635020256042480e-01
6.376702189445495605e-01
-1.195901483297348022e-01
7.618471980094909668e-01
8.062783479690551758e-01
-6.899345666170120239e-02
7.533180117607116699e-01
7.600044012069702148e-01
-9.515308588743209839e-02
7.526975870132446289e-01
7.204611301422119141e-01
-1.070191338658332825e-01
7.532523870468139648e-01
6.853788495063781738e-01
-1.151728555560112000e-01
7.297182083129882812e-01
8.199985623359680176e-01
-7.067200541496276855e-02
7.136020660400390625e-01
7.848523855209350586e-01
-9.319671988487243652e-02
7.016025781631469727e-01
7.603037357330322266e-01
-1.041685417294502258e-01
6.897705793380737305e-01
7.352361679077148438e-01
-1.120703890919685364e-01
