4.110298454761505127e-01
8.774122595787048340e-01
6.815844955099237268e-08
3.789612352848052979e-01
8.266760110855102539e-01
-2.667522244155406952e-02
3.458538055419921875e-01
7.638062834739685059e-01
-4.360739141702651978e-02
3.140459656715393066e-01
7.168815732002258301e-01
-5.654844641685485840e-02
2.800016403198242188e-01
6.931954026222229004e-01
-6.863916665315628052e-02
3.705668449401855469e-01
8.011925220489501953e-01
-5.917502567172050476e-02
3.550758957862854004e-01
7.573987245559692383e-01
-9.072895348072052002e-02
3.399979770183563232e-01
7.307745218276977539e-01
-1.084849461913108826e-01
3.251660764217376709e-01
7.063757181167602539e-01
-1.199705451726913452e-01
4.019145369529724121e-01
8.118355870246887207e-01
-5.888939276337623596e-02
4.002509117126464844e-01
7.745570540428161621e-01
-9.212202578783035278e-02
3.938291966915130615e-01
7.447040677070617676e-01
-1.078350469470024109e-01
3.882461488246917725e-01
7.169609069824218750e-01
-1.191246658563613892e-01
4.358122050762176514e-01
8.198801279067993164e-01
-5.932960286736488342e-02
4.501352906227111816e-01
7.812896966934204102e-01
-9.396109730005264282e-02
4.578644037246704102e-01
7.556938529014587402e-01
-1.036530286073684692e-01
4.638555943965911865e-01
7.318429350852966309e-01
-1.074395254254341125e-01
4.654874503612518311e-01
8.268566131591796875e-01
-6.079667061567306519e-02
4.830201566219329834e-01
7.904930710792541504e-01
-8.784468472003936768e-02
4.939064979553222656e-01
7.674357891082763672e-01
-9.639947116374969482e-02
5.059714317321777344e-01
7.440942525863647461e-01
-1.013756096363067627e-01
7.708742022514343262e-01
8.063469529151916504e-01
5.237553750703227706e-07
8.076196312904357910e-01
7.507259249687194824e-01
-1.315490808337926865e-02
8.367730975151062012e-01
6.780093908309936523e-01
-2.659373357892036438e-02
8.647547960281372070e-01
6.274225711822509766e-01
-3.633543476462364197e-02
8.969244956970214844e-01
6.028279662132263184e-01
-4.835940897464752197e-02
8.141567707061767578e-01
7.056891918182373047e-01
-6.614171713590621948e-02
8.364134430885314941e-01
6.362686753273010254e-01
-8.963587135076522827e-02
8.499247431755065918e-01
5.962082147598266602e-01
-1.004565730690956116e-01
8.644907474517822266e-01
5.608229637145996094e-01
-1.080951839685440063e-01
7.830378413200378418e-01
7.132509350776672363e-01
-6.979536265134811401e-02
7.950580120086669922e-01
6.557819247245788574e-01
-9.740588068962097168e-02
8.048814535140991211e-01
6.101065278053283691e-01
-1.122756227850914001e-01
8.150221705436706543e-01
5.724416971206665039e-01
-1.249079927802085876e-01
7.486742734909057617e-01
7.229031324386596680e-01
-7.079782336950302124e-02
7.439695000648498535e-01
6.787906885147094727e-01
-9.730381518602371216e-02
7.467199563980102539e-01
6.465175747871398926e-01
-1.118204146623611450e-01
7.499434351921081543e-01
6.193699240684509277e-01
-1.225255131721496582e-01
7.137830853462219238e-01
7.337797880172729492e-01
-7.066769897937774658e-02
6.970919966697692871e-01
6.996234059333801270e-01
-9.340192377567291260e-02
6.862629055976867676e-01
6.807132959365844727e-01
-1.056555882096290588e-01
6.770436763763427734e-01
6.611665487289428711e-01
-1.153051331639289856e-01
