4.608756005764007568e-01
9.353069067001342773e-01
1.283125357076642103e-07
4.291745424270629883e-01
8.832051157951354980e-01
-1.946356892585754395e-02
4.029076695442199707e-01
8.206546902656555176e-01
-3.469118475914001465e-02
3.801313638687133789e-01
7.673871517181396484e-01
-4.707949236035346985e-02
3.512274622917175293e-01
7.345716953277587891e-01
-5.941914394497871399e-02
4.371151030063629150e-01
8.504430651664733887e-01
-4.527232795953750610e-02
4.380284547805786133e-01
7.991136908531188965e-01
-6.550864130258560181e-02
4.353612661361694336e-01
7.574524283409118652e-01
-7.585550844669342041e-02
4.358575642108917236e-01
7.163687944412231445e-01
-8.287958055734634399e-02
4.755064845085144043e-01
8.644267320632934570e-01
-4.637598991394042969e-02
4.869562983512878418e-01
8.099969625473022461e-01
-6.551589816808700562e-02
4.940857291221618652e-01
7.637690901756286621e-01
-7.331702858209609985e-02
5.039064288139343262e-01
7.234206199645996094e-01
-8.041962981224060059e-02
5.081967115402221680e-01
8.738526701927185059e-01
-4.770219698548316956e-02
5.315213203430175781e-01
8.203817009925842285e-01
-6.868072599172592163e-02
5.471305847167968750e-01
7.808017730712890625e-01
-7.317776232957839966e-02
5.604974031448364258e-01
7.433586716651916504e-01
-7.500746101140975952e-02
5.323260426521301270e-01
8.795839548110961914e-01
-4.964920133352279663e-02
5.591942071914672852e-01
8.328661918640136719e-01
-6.333462893962860107e-02
5.732291936874389648e-01
8.013727664947509766e-01
-6.471244990825653076e-02
5.852675437927246094e-01
7.702144384384155273e-01
-6.594993174076080322e-02
8.084819316864013672e-01
8.932267427444458008e-01
3.950947018438455416e-07
8.385410904884338379e-01
8.370394706726074219e-01
-8.079280145466327667e-03
8.635590672492980957e-01
7.689306139945983887e-01
-2.128450758755207062e-02
8.895028829574584961e-01
7.144380211830139160e-01
-3.250645846128463745e-02
9.234688282012939453e-01
6.879491209983825684e-01
-4.605306684970855713e-02
8.530331254005432129e-01
7.935391664505004883e-01
-5.935120582580566406e-02
8.728917837142944336e-01
7.234626412391662598e-01
-8.327294141054153442e-02
8.810182809829711914e-01
6.783431172370910645e-01
-9.461028128862380981e-02
8.878400325775146484e-01
6.397492885589599609e-01
-1.024984642863273621e-01
8.234797716140747070e-01
8.038094639778137207e-01
-6.658747792243957520e-02
8.325390815734863281e-01
7.447396516799926758e-01
-9.501631557941436768e-02
8.379898071289062500e-01
6.939215660095214844e-01
-1.090879440307617188e-01
8.422054052352905273e-01
6.508448719978332520e-01
-1.206271722912788391e-01
7.892239093780517578e-01
8.158329129219055176e-01
-7.123096287250518799e-02
7.850944399833679199e-01
7.678392529487609863e-01
-9.731226414442062378e-02
7.861376404762268066e-01
7.287602424621582031e-01
-1.093722954392433167e-01
7.881881594657897949e-01
6.945616006851196289e-01
-1.180442199110984802e-01
7.542361021041870117e-01
8.283940553665161133e-01
-7.461731135845184326e-02
7.407729625701904297e-01
7.900301814079284668e-01
-9.737917035818099976e-02
7.318884134292602539e-01
7.649508714675903320e-01
-1.079031527042388916e-01
7.239060401916503906e-01
7.399870753288269043e-01
-1.155735403299331665e-01
