4.181490242481231689e-01
8.788059353828430176e-01
5.098866040498251095e-08
3.818625807762145996e-01
8.292500972747802734e-01
-2.006979845464229584e-02
3.497734367847442627e-01
7.674659490585327148e-01
-3.457863628864288330e-02
3.196690678596496582e-01
7.195613384246826172e-01
-4.629988968372344971e-02
2.865869104862213135e-01
6.932693123817443848e-01
-5.788949131965637207e-02
3.779250085353851318e-01
7.998616099357604980e-01
-4.989607632160186768e-02
3.664555549621582031e-01
7.579563260078430176e-01
-7.564858347177505493e-02
3.544241487979888916e-01
7.278914451599121094e-01
-8.977901190519332886e-02
3.439103662967681885e-01
6.983491182327270508e-01
-9.932889789342880249e-02
4.110962748527526855e-01
8.117929100990295410e-01
-5.143138766288757324e-02
4.096521735191345215e-01
7.712357044219970703e-01
-7.750497758388519287e-02
4.046157598495483398e-01
7.359370589256286621e-01
-8.910458534955978394e-02
4.013504683971405029e-01
7.031139731407165527e-01
-9.845137596130371094e-02
4.447453618049621582e-01
8.216085433959960938e-01
-5.322722718119621277e-02
4.581266045570373535e-01
7.802126407623291016e-01
-8.114019036293029785e-02
4.645874798297882080e-01
7.498589158058166504e-01
-8.772642165422439575e-02
4.694948494434356689e-01
7.197749614715576172e-01
-9.046127647161483765e-02
4.735339879989624023e-01
8.309455513954162598e-01
-5.565152317285537720e-02
4.914467334747314453e-01
7.924192547798156738e-01
-7.746569812297821045e-02
5.010314583778381348e-01
7.666309475898742676e-01
-8.368063718080520630e-02
5.115878582000732422e-01
7.395268082618713379e-01
-8.774947375059127808e-02
7.694287896156311035e-01
8.132601380348205566e-01
4.494495158269273816e-07
8.065502643585205078e-01
7.578940987586975098e-01
-9.859872981905937195e-03
8.362385034561157227e-01
6.905431747436523438e-01
-2.203006669878959656e-02
8.640685081481933594e-01
6.399160623550415039e-01
-3.183038532733917236e-02
8.967438936233520508e-01
6.137127876281738281e-01
-4.363451153039932251e-02
8.131093382835388184e-01
7.195584177970886230e-01
-5.642874911427497864e-02
8.344282507896423340e-01
6.478861570358276367e-01
-7.746060192584991455e-02
8.461830615997314453e-01
6.047953963279724121e-01
-8.677843958139419556e-02
8.583375215530395508e-01
5.668319463729858398e-01
-9.300383180379867554e-02
7.813097238540649414e-01
7.267322540283203125e-01
-6.067441403865814209e-02
7.915393114089965820e-01
6.670542359352111816e-01
-8.440349996089935303e-02
7.994899153709411621e-01
6.188292503356933594e-01
-9.553615748882293701e-02
8.080835938453674316e-01
5.776675939559936523e-01
-1.053713858127593994e-01
7.466833591461181641e-01
7.348353862762451172e-01
-6.280254572629928589e-02
7.428681254386901855e-01
6.898544430732727051e-01
-8.460945636034011841e-02
7.463067173957824707e-01
6.537149548530578613e-01
-9.491750597953796387e-02
7.507122159004211426e-01
6.224285364151000977e-01
-1.029286235570907593e-01
7.121818661689758301e-01
7.426601052284240723e-01
-6.417031586170196533e-02
6.976397633552551270e-01
7.056227922439575195e-01
-8.260159194469451904e-02
6.883260607719421387e-01
6.834168434143066406e-01
-9.162943065166473389e-02
6.797959804534912109e-01
6.618981361389160156e-01
-9.893602877855300903e-02
