4.304794669151306152e-01
8.908217549324035645e-01
1.783173786407132866e-07
3.943942189216613770e-01
8.374218344688415527e-01
-2.151804789900779724e-02
3.656418919563293457e-01
7.724441289901733398e-01
-3.619837015867233276e-02
3.418795466423034668e-01
7.161468267440795898e-01
-4.736080393195152283e-02
3.108937740325927734e-01
6.811684370040893555e-01
-5.841535702347755432e-02
3.929198682308197021e-01
7.942161560058593750e-01
-5.205588042736053467e-02
3.834577500820159912e-01
7.358262538909912109e-01
-7.861457020044326782e-02
3.740571737289428711e-01
6.951916217803955078e-01
-9.298853576183319092e-02
3.663498461246490479e-01
6.568360924720764160e-01
-1.026770547032356262e-01
4.283297359943389893e-01
8.049372434616088867e-01
-5.330440029501914978e-02
4.304469227790832520e-01
7.474632859230041504e-01
-8.112465590238571167e-02
4.287895560264587402e-01
7.004952430725097656e-01
-9.522079676389694214e-02
4.281386435031890869e-01
6.575316190719604492e-01
-1.057914346456527710e-01
4.626037180423736572e-01
8.171498179435729980e-01
-5.478651821613311768e-02
4.773641526699066162e-01
7.619510889053344727e-01
-8.480034023523330688e-02
4.848477840423583984e-01
7.241156101226806641e-01
-9.513922780752182007e-02
4.898798465728759766e-01
6.895765066146850586e-01
-9.973905980587005615e-02
4.912788867950439453e-01
8.290103077888488770e-01
-5.656154081225395203e-02
5.111227035522460938e-01
7.815551757812500000e-01
-8.029831945896148682e-02
5.201729536056518555e-01
7.503368258476257324e-01
-8.888230472803115845e-02
5.271902680397033691e-01
7.182603478431701660e-01
-9.416229277849197388e-02
7.820760011672973633e-01
8.160649538040161133e-01
4.198183773951313924e-07
8.162639737129211426e-01
7.601370811462402344e-01
-1.042386889457702637e-02
8.392186164855957031e-01
6.909543871879577637e-01
-2.471080422401428223e-02
8.608579039573669434e-01
6.319918036460876465e-01
-3.640216588973999023e-02
8.961764574050903320e-01
6.037323474884033203e-01
-5.022519826889038086e-02
8.169127702713012695e-01
7.075498104095458984e-01
-5.779279768466949463e-02
8.238543272018432617e-01
6.308360695838928223e-01
-7.958212494850158691e-02
8.285347819328308105e-01
5.808466076850891113e-01
-8.948516845703125000e-02
8.330935835838317871e-01
5.385966300964355469e-01
-9.608621150255203247e-02
7.844736576080322266e-01
7.175434827804565430e-01
-6.187226995825767517e-02
7.827105522155761719e-01
6.443734765052795410e-01
-8.355036377906799316e-02
7.815573215484619141e-01
5.887389779090881348e-01
-9.176090359687805176e-02
7.809653282165527344e-01
5.446888208389282227e-01
-9.931372851133346558e-02
7.513023614883422852e-01
7.317572832107543945e-01
-6.411919742822647095e-02
7.382726073265075684e-01
6.740882992744445801e-01
-8.337191492319107056e-02
7.335810065269470215e-01
6.280081868171691895e-01
-9.214527159929275513e-02
7.316751480102539062e-01
5.904176831245422363e-01
-9.905685484409332275e-02
7.212409973144531250e-01
7.483721375465393066e-01
-6.580473482608795166e-02
6.987490653991699219e-01
7.039453983306884766e-01
-8.341685682535171509e-02
6.837829351425170898e-01
6.750479340553283691e-01
-9.235431253910064697e-02
6.706572771072387695e-01
6.482370495796203613e-01
-9.912992268800735474e-02
