4.407586753368377686e-01
9.027163982391357422e-01
2.059753967387223383e-07
4.082828462123870850e-01
8.486654162406921387e-01
-2.166225947439670563e-02
3.819973170757293701e-01
7.862036228179931641e-01
-3.713021427392959595e-02
3.600926995277404785e-01
7.290005087852478027e-01
-4.876215010881423950e-02
3.304684162139892578e-01
6.906923651695251465e-01
-6.004488468170166016e-02
4.064764380455017090e-01
8.069866299629211426e-01
-5.384244024753570557e-02
3.997373282909393311e-01
7.462813854217529297e-01
-8.051815629005432129e-02
3.921279311180114746e-01
7.007419466972351074e-01
-9.501721709966659546e-02
3.871472179889678955e-01
6.591215133666992188e-01
-1.045599207282066345e-01
4.429997503757476807e-01
8.171586394309997559e-01
-5.394099652767181396e-02
4.455015659332275391e-01
7.571671605110168457e-01
-8.092032372951507568e-02
4.469724893569946289e-01
7.067573666572570801e-01
-9.386752545833587646e-02
4.492854475975036621e-01
6.632521152496337891e-01
-1.036127507686614990e-01
4.776362478733062744e-01
8.271382451057434082e-01
-5.406112968921661377e-02
4.921144247055053711e-01
7.715690135955810547e-01
-8.122364431619644165e-02
5.012742280960083008e-01
7.308162450790405273e-01
-8.909304440021514893e-02
5.072323083877563477e-01
6.942685246467590332e-01
-9.238673001527786255e-02
5.058549046516418457e-01
8.360741138458251953e-01
-5.471923947334289551e-02
5.263381004333496094e-01
7.909492254257202148e-01
-7.485520094633102417e-02
5.338754057884216309e-01
7.598446607589721680e-01
-8.099383860826492310e-02
5.386846065521240234e-01
7.281676530838012695e-01
-8.467771112918853760e-02
8.027298450469970703e-01
8.411360979080200195e-01
4.342742840890423395e-07
8.350195884704589844e-01
7.814704775810241699e-01
-1.056428439915180206e-02
8.557759523391723633e-01
7.091747522354125977e-01
-2.335622347891330719e-02
8.761432766914367676e-01
6.508032083511352539e-01
-3.384704515337944031e-02
9.100760817527770996e-01
6.227555274963378906e-01
-4.638557508587837219e-02
8.314595222473144531e-01
7.242930531501770020e-01
-5.140968039631843567e-02
8.362259864807128906e-01
6.483080387115478516e-01
-7.085026055574417114e-02
8.398810029029846191e-01
5.987116098403930664e-01
-7.963084429502487183e-02
8.431216478347778320e-01
5.570178031921386719e-01
-8.527385443449020386e-02
8.000676035881042480e-01
7.351787090301513672e-01
-5.465703085064888000e-02
7.958960533142089844e-01
6.605374813079833984e-01
-7.243313640356063843e-02
7.925184965133666992e-01
6.054849624633789062e-01
-7.900476455688476562e-02
7.898210287094116211e-01
5.612794756889343262e-01
-8.530238270759582520e-02
7.682962417602539062e-01
7.512235045433044434e-01
-5.649349093437194824e-02
7.523360848426818848e-01
6.922693252563476562e-01
-7.200922071933746338e-02
7.448737025260925293e-01
6.459810733795166016e-01
-7.944071292877197266e-02
7.406379580497741699e-01
6.089591979980468750e-01
-8.550384640693664551e-02
7.397555112838745117e-01
7.700609564781188965e-01
-5.810043588280677795e-02
7.152230143547058105e-01
7.253564000129699707e-01
-7.183333486318588257e-02
6.987879276275634766e-01
6.952651143074035645e-01
-7.883058488368988037e-02
6.846854686737060547e-01
6.687220335006713867e-01
-8.436013013124465942e-02
