4.388687014579772949e-01
9.043712615966796875e-01
2.097455364946654299e-07
4.056732058525085449e-01
8.493165969848632812e-01
-2.048125863075256348e-02
3.790983557701110840e-01
7.852195501327514648e-01
-3.555516526103019714e-02
3.563103973865509033e-01
7.295458316802978516e-01
-4.689533635973930359e-02
3.257247805595397949e-01
6.952015161514282227e-01
-5.798280984163284302e-02
4.048156738281250000e-01
8.076931238174438477e-01
-5.279932543635368347e-02
4.003664255142211914e-01
7.475712299346923828e-01
-7.792810350656509399e-02
3.937664330005645752e-01
7.039253711700439453e-01
-9.113899618387222290e-02
3.890711963176727295e-01
6.626882553100585938e-01
-9.986424446105957031e-02
4.424871504306793213e-01
8.206460475921630859e-01
-5.355742946267127991e-02
4.477262198925018311e-01
7.599883079528808594e-01
-7.963606715202331543e-02
4.503385424613952637e-01
7.103423476219177246e-01
-9.199298173189163208e-02
4.534941017627716064e-01
6.663351655006408691e-01
-1.012997105717658997e-01
4.770618379116058350e-01
8.323383927345275879e-01
-5.407667532563209534e-02
4.948808848857879639e-01
7.747839093208312988e-01
-8.142966032028198242e-02
5.059908628463745117e-01
7.334897518157958984e-01
-8.936086297035217285e-02
5.132926702499389648e-01
6.957379579544067383e-01
-9.242327511310577393e-02
5.041174292564392090e-01
8.413712978363037109e-01
-5.483726039528846741e-02
5.274836421012878418e-01
7.921050190925598145e-01
-7.440853118896484375e-02
5.377396941184997559e-01
7.603116631507873535e-01
-7.972504198551177979e-02
5.451185107231140137e-01
7.281157970428466797e-01
-8.289077132940292358e-02
8.063031435012817383e-01
8.377484083175659180e-01
4.467345320335880388e-07
8.376451730728149414e-01
7.779743671417236328e-01
-9.484135545790195465e-03
8.577739000320434570e-01
7.065051794052124023e-01
-2.259068936109542847e-02
8.783110380172729492e-01
6.494066715240478516e-01
-3.293145075440406799e-02
9.111198186874389648e-01
6.221063137054443359e-01
-4.546690359711647034e-02
8.375881314277648926e-01
7.277982234954833984e-01
-5.637406557798385620e-02
8.443747758865356445e-01
6.485190987586975098e-01
-7.644698023796081543e-02
8.463363051414489746e-01
5.978121757507324219e-01
-8.454545587301254272e-02
8.480595946311950684e-01
5.559464097023010254e-01
-8.954406529664993286e-02
8.068667650222778320e-01
7.392887473106384277e-01
-5.985693261027336121e-02
8.047334551811218262e-01
6.607300639152526855e-01
-7.940361648797988892e-02
8.018162846565246582e-01
6.044908761978149414e-01
-8.649488538503646851e-02
8.000845909118652344e-01
5.604943037033081055e-01
-9.315394610166549683e-02
7.747462391853332520e-01
7.544409036636352539e-01
-6.125990673899650574e-02
7.613546848297119141e-01
6.952820420265197754e-01
-7.787897437810897827e-02
7.554554939270019531e-01
6.474117040634155273e-01
-8.628482371568679810e-02
7.532462477684020996e-01
6.094331145286560059e-01
-9.310276806354522705e-02
7.450718879699707031e-01
7.715960741043090820e-01
-6.199922412633895874e-02
7.226103544235229492e-01
7.271816730499267578e-01
-7.693076133728027344e-02
7.080793380737304688e-01
6.974790692329406738e-01
-8.498248457908630371e-02
6.954400539398193359e-01
6.706140637397766113e-01
-9.137828648090362549e-02
