4.402896165847778320e-01
9.051496982574462891e-01
1.899395982718488085e-07
4.065940678119659424e-01
8.487420082092285156e-01
-1.927182264626026154e-02
3.795877695083618164e-01
7.835461497306823730e-01
-3.334181755781173706e-02
3.564209938049316406e-01
7.277871370315551758e-01
-4.415697976946830750e-02
3.251161575317382812e-01
6.959675550460815430e-01
-5.480694398283958435e-02
4.063841700553894043e-01
8.071391582489013672e-01
-4.778283089399337769e-02
4.012017548084259033e-01
7.466104626655578613e-01
-7.116799056529998779e-02
3.946478068828582764e-01
7.030239701271057129e-01
-8.358479291200637817e-02
3.905408382415771484e-01
6.624212861061096191e-01
-9.193194657564163208e-02
4.439925551414489746e-01
8.194882869720458984e-01
-4.892173036932945251e-02
4.482227861881256104e-01
7.581892609596252441e-01
-7.310506701469421387e-02
4.508438110351562500e-01
7.093662023544311523e-01
-8.486441522836685181e-02
4.543368220329284668e-01
6.666143536567687988e-01
-9.388696402311325073e-02
4.780790805816650391e-01
8.313887715339660645e-01
-5.000923573970794678e-02
4.944044947624206543e-01
7.739723920822143555e-01
-7.597828656435012817e-02
5.056277513504028320e-01
7.330060005187988281e-01
-8.391556143760681152e-02
5.129186511039733887e-01
6.958193182945251465e-01
-8.719414472579956055e-02
5.048643350601196289e-01
8.413457870483398438e-01
-5.134752392768859863e-02
5.275814533233642578e-01
7.919943332672119141e-01
-6.976363062858581543e-02
5.376845598220825195e-01
7.603493928909301758e-01
-7.483452558517456055e-02
5.442413091659545898e-01
7.288537025451660156e-01
-7.806266844272613525e-02
8.078131079673767090e-01
8.375150561332702637e-01
4.265324093921663007e-07
8.390789628028869629e-01
7.775374650955200195e-01
-8.116777986288070679e-03
8.581947684288024902e-01
7.070099115371704102e-01
-1.998024992644786835e-02
8.771401047706604004e-01
6.506401300430297852e-01
-2.960786223411560059e-02
9.092137813568115234e-01
6.234633326530456543e-01
-4.149637371301651001e-02
8.383366465568542480e-01
7.251037955284118652e-01
-5.229704082012176514e-02
8.453813791275024414e-01
6.482112407684326172e-01
-7.158863544464111328e-02
8.477966785430908203e-01
5.980079770088195801e-01
-7.992482930421829224e-02
8.497798442840576172e-01
5.562826991081237793e-01
-8.529738336801528931e-02
8.072251081466674805e-01
7.356475591659545898e-01
-5.673910677433013916e-02
8.061521053314208984e-01
6.611452698707580566e-01
-7.535924017429351807e-02
8.028107881546020508e-01
6.059565544128417969e-01
-8.270120620727539062e-02
8.003212213516235352e-01
5.623647570610046387e-01
-8.955147862434387207e-02
7.750618457794189453e-01
7.508868575096130371e-01
-5.919943377375602722e-02
7.622913122177124023e-01
6.932281255722045898e-01
-7.527402043342590332e-02
7.562282681465148926e-01
6.467428207397460938e-01
-8.369690179824829102e-02
7.535576820373535156e-01
6.097454428672790527e-01
-9.061316400766372681e-02
7.453982830047607422e-01
7.696141600608825684e-01
-6.098318472504615784e-02
7.223108410835266113e-01
7.267429828643798828e-01
-7.583291828632354736e-02
7.077394723892211914e-01
6.973385214805603027e-01
-8.370462059974670410e-02
6.953974962234497070e-01
6.708446741104125977e-01
-8.983645588159561157e-02
