4.356431365013122559e-01
9.097185134887695312e-01
2.020167499949820922e-07
4.007536470890045166e-01
8.522785305976867676e-01
-1.836569979786872864e-02
3.722870945930480957e-01
7.871426343917846680e-01
-3.209343925118446350e-02
3.484583497047424316e-01
7.325034737586975098e-01
-4.280876740813255310e-02
3.185429573059082031e-01
6.995172500610351562e-01
-5.328434333205223083e-02
4.033514559268951416e-01
8.085712790489196777e-01
-4.447082802653312683e-02
3.983250558376312256e-01
7.461028695106506348e-01
-6.577945500612258911e-02
3.930234611034393311e-01
7.018648982048034668e-01
-7.698652893304824829e-02
3.908503055572509766e-01
6.604456305503845215e-01
-8.443834632635116577e-02
4.410820305347442627e-01
8.228711485862731934e-01
-4.563348740339279175e-02
4.462206065654754639e-01
7.595676779747009277e-01
-6.721899658441543579e-02
4.505922198295593262e-01
7.092974185943603516e-01
-7.780341804027557373e-02
4.558396339416503906e-01
6.649270057678222656e-01
-8.619792014360427856e-02
4.743194282054901123e-01
8.350162506103515625e-01
-4.684513807296752930e-02
4.939084947109222412e-01
7.749188542366027832e-01
-7.089614868164062500e-02
5.085632205009460449e-01
7.329828143119812012e-01
-7.844129949808120728e-02
5.190368294715881348e-01
6.950371861457824707e-01
-8.155047148466110229e-02
4.994832277297973633e-01
8.435317277908325195e-01
-4.829812794923782349e-02
5.256747007369995117e-01
7.923038601875305176e-01
-6.573734432458877563e-02
5.404826402664184570e-01
7.613590359687805176e-01
-7.027892768383026123e-02
5.521017313003540039e-01
7.312080860137939453e-01
-7.297939062118530273e-02
7.991983294486999512e-01
8.249152302742004395e-01
4.327890508193377173e-07
8.305110931396484375e-01
7.704462409019470215e-01
-8.561447262763977051e-03
8.496925234794616699e-01
7.031296491622924805e-01
-2.144443243741989136e-02
8.689743280410766602e-01
6.469636559486389160e-01
-3.150720521807670593e-02
9.001148939132690430e-01
6.189799308776855469e-01
-4.389564320445060730e-02
8.336622714996337891e-01
7.168200612068176270e-01
-5.674283578991889954e-02
8.425724506378173828e-01
6.393977403640747070e-01
-7.763148099184036255e-02
8.454368114471435547e-01
5.890444517135620117e-01
-8.670447021722793579e-02
8.480262756347656250e-01
5.472317934036254883e-01
-9.263724833726882935e-02
8.035674691200256348e-01
7.259118556976318359e-01
-6.119987741112709045e-02
8.040124177932739258e-01
6.508129835128784180e-01
-8.136174082756042480e-02
8.029695749282836914e-01
5.962724089622497559e-01
-8.943321555852890015e-02
8.030418157577514648e-01
5.521166920661926270e-01
-9.679832309484481812e-02
7.714110016822814941e-01
7.403440475463867188e-01
-6.332670152187347412e-02
7.606480717658996582e-01
6.808658242225646973e-01
-8.051836490631103516e-02
7.563635706901550293e-01
6.356419920921325684e-01
-8.892157673835754395e-02
7.558376789093017578e-01
5.992856621742248535e-01
-9.590462595224380493e-02
7.414878010749816895e-01
7.583609819412231445e-01
-6.457979977130889893e-02
7.209084630012512207e-01
7.172802686691284180e-01
-8.086900413036346436e-02
7.085419893264770508e-01
6.890247464179992676e-01
-8.918512612581253052e-02
6.988590359687805176e-01
6.623911261558532715e-01
-9.545534849166870117e-02
