4.183752238750457764e-01
8.720369935035705566e-01
4.042665224801567092e-08
3.862035572528839111e-01
8.183497190475463867e-01
-2.527545765042304993e-02
3.555363416671752930e-01
7.548113465309143066e-01
-4.323402419686317444e-02
3.252663910388946533e-01
7.081938982009887695e-01
-5.766974389553070068e-02
2.923254668712615967e-01
6.830270290374755859e-01
-7.130366563796997070e-02
3.791151642799377441e-01
7.958154678344726562e-01
-6.092852354049682617e-02
3.656829595565795898e-01
7.559896111488342285e-01
-9.452880173921585083e-02
3.517688512802124023e-01
7.317796945571899414e-01
-1.140146255493164062e-01
3.370856940746307373e-01
7.082223892211914062e-01
-1.265721470117568970e-01
4.102912843227386475e-01
8.092950582504272461e-01
-6.213220208883285522e-02
4.091860055923461914e-01
7.747933268547058105e-01
-9.759122878313064575e-02
4.018489718437194824e-01
7.446108460426330566e-01
-1.148499473929405212e-01
3.950478434562683105e-01
7.165756821632385254e-01
-1.272986382246017456e-01
4.441829919815063477e-01
8.187826871871948242e-01
-6.383942812681198120e-02
4.595960974693298340e-01
7.836255431175231934e-01
-9.951067715883255005e-02
4.680889546871185303e-01
7.578576803207397461e-01
-1.097395494580268860e-01
4.745733737945556641e-01
7.331655621528625488e-01
-1.139495894312858582e-01
4.741317033767700195e-01
8.271195888519287109e-01
-6.653884798288345337e-02
4.928101003170013428e-01
7.915692329406738281e-01
-9.379047900438308716e-02
5.025831460952758789e-01
7.668302655220031738e-01
-1.027630344033241272e-01
5.136399269104003906e-01
7.412444353103637695e-01
-1.082968786358833313e-01
7.770128846168518066e-01
8.163237571716308594e-01
4.403574678235600004e-07
8.138980269432067871e-01
7.611228823661804199e-01
-1.592552475631237030e-02
8.446320891380310059e-01
6.885395646095275879e-01
-2.950367517769336700e-02
8.754680156707763672e-01
6.369743943214416504e-01
-3.896741196513175964e-02
9.081608057022094727e-01
6.097430586814880371e-01
-5.080011859536170959e-02
8.165226578712463379e-01
7.175082564353942871e-01
-6.718017905950546265e-02
8.375167846679687500e-01
6.534861326217651367e-01
-8.990915864706039429e-02
8.495568633079528809e-01
6.166322231292724609e-01
-1.009172722697257996e-01
8.637666106224060059e-01
5.810786485671997070e-01
-1.092785224318504333e-01
7.848832011222839355e-01
7.235583066940307617e-01
-6.911084055900573730e-02
7.951201796531677246e-01
6.682805418968200684e-01
-9.326660633087158203e-02
8.048561215400695801e-01
6.263988614082336426e-01
-1.054036617279052734e-01
8.166904449462890625e-01
5.902520418167114258e-01
-1.171626970171928406e-01
7.512243986129760742e-01
7.319331169128417969e-01
-6.894829124212265015e-02
7.461778521537780762e-01
6.897315979003906250e-01
-9.154445677995681763e-02
7.493732571601867676e-01
6.594519615173339844e-01
-1.028346866369247437e-01
7.544645071029663086e-01
6.351149678230285645e-01
-1.125071793794631958e-01
7.177808284759521484e-01
7.418724298477172852e-01
-6.851464509963989258e-02
7.001874446868896484e-01
7.088577151298522949e-01
-8.916652947664260864e-02
6.893030405044555664e-01
6.909444332122802734e-01
-1.006343662738800049e-01
6.811463832855224609e-01
6.735272407531738281e-01
-1.103545427322387695e-01
