4.273740947246551514e-01
9.087527394294738770e-01
1.842085595171738532e-07
3.919205963611602783e-01
8.549488186836242676e-01
-1.862144470214843750e-02
3.632332384586334229e-01
7.907480597496032715e-01
-3.307321295142173767e-02
3.387764096260070801e-01
7.362534999847412109e-01
-4.452290385961532593e-02
3.081065416336059570e-01
7.030242681503295898e-01
-5.580499023199081421e-02
3.965520560741424561e-01
8.122857213020324707e-01
-4.528973251581192017e-02
3.919729888439178467e-01
7.505246400833129883e-01
-6.637700647115707397e-02
3.865692317485809326e-01
7.061752080917358398e-01
-7.738547772169113159e-02
3.846249282360076904e-01
6.651740670204162598e-01
-8.466392755508422852e-02
4.350648522377014160e-01
8.250262141227722168e-01
-4.647038877010345459e-02
4.400945305824279785e-01
7.612684369087219238e-01
-6.695705652236938477e-02
4.446143507957458496e-01
7.113147974014282227e-01
-7.629297673702239990e-02
4.505668282508850098e-01
6.685836911201477051e-01
-8.412805944681167603e-02
4.685658514499664307e-01
8.351829648017883301e-01
-4.773695766925811768e-02
4.891423881053924561e-01
7.746602892875671387e-01
-7.059510052204132080e-02
5.033985376358032227e-01
7.335494756698608398e-01
-7.649497687816619873e-02
5.137391686439514160e-01
6.961141824722290039e-01
-7.882540673017501831e-02
4.936050474643707275e-01
8.417810797691345215e-01
-4.937691986560821533e-02
5.209643840789794922e-01
7.904246449470520020e-01
-6.570370495319366455e-02
5.359049439430236816e-01
7.599178552627563477e-01
-6.885219365358352661e-02
5.468295812606811523e-01
7.299796938896179199e-01
-7.075303792953491211e-02
7.917033433914184570e-01
8.225122094154357910e-01
4.318183357554516988e-07
8.213615417480468750e-01
7.682387828826904297e-01
-7.756104692816734314e-03
8.378594517707824707e-01
6.980255246162414551e-01
-2.018761634826660156e-02
8.554760813713073730e-01
6.390044093132019043e-01
-2.962898090481758118e-02
8.855448961257934570e-01
6.076104640960693359e-01
-4.156932234764099121e-02
8.231627941131591797e-01
7.075071930885314941e-01
-5.686018988490104675e-02
8.310875892639160156e-01
6.280267238616943359e-01
-7.760342210531234741e-02
8.340004086494445801e-01
5.778414011001586914e-01
-8.676948398351669312e-02
8.367654681205749512e-01
5.367769002914428711e-01
-9.273769706487655640e-02
7.929766774177551270e-01
7.179866433143615723e-01
-6.153884530067443848e-02
7.928073406219482422e-01
6.397425532341003418e-01
-8.060315251350402832e-02
7.907776832580566406e-01
5.855413675308227539e-01
-8.837810158729553223e-02
7.904116511344909668e-01
5.420778989791870117e-01
-9.572965651750564575e-02
7.605517506599426270e-01
7.338351607322692871e-01
-6.382744759321212769e-02
7.500594854354858398e-01
6.707886457443237305e-01
-8.020171523094177246e-02
7.457744479179382324e-01
6.250324249267578125e-01
-8.885777741670608521e-02
7.455330491065979004e-01
5.886113643646240234e-01
-9.635381400585174561e-02
7.304436564445495605e-01
7.535253763198852539e-01
-6.505352258682250977e-02
7.097837924957275391e-01
7.108441591262817383e-01
-8.147002756595611572e-02
6.970946788787841797e-01
6.826238036155700684e-01
-9.015753865242004395e-02
6.873924732208251953e-01
6.555941700935363770e-01
-9.668782353401184082e-02
