4.331798851490020752e-01
9.025664925575256348e-01
2.157223093490756582e-07
3.977202475070953369e-01
8.471497297286987305e-01
-1.813595928251743317e-02
3.690185546875000000e-01
7.805195450782775879e-01
-3.174924105405807495e-02
3.456903994083404541e-01
7.268826961517333984e-01
-4.233933985233306885e-02
3.153264224529266357e-01
6.955528259277343750e-01
-5.295596644282341003e-02
4.031493961811065674e-01
8.005742430686950684e-01
-4.523547738790512085e-02
4.027871489524841309e-01
7.405990958213806152e-01
-6.537574529647827148e-02
4.007199704647064209e-01
6.988208293914794922e-01
-7.523392885923385620e-02
4.008478820323944092e-01
6.585376262664794922e-01
-8.184650540351867676e-02
4.427931010723114014e-01
8.143616914749145508e-01
-4.686041548848152161e-02
4.525305032730102539e-01
7.531060576438903809e-01
-6.714585423469543457e-02
4.593959748744964600e-01
7.066327929496765137e-01
-7.624925673007965088e-02
4.670878350734710693e-01
6.649784445762634277e-01
-8.379393070936203003e-02
4.766738116741180420e-01
8.257833123207092285e-01
-4.845713824033737183e-02
4.996535480022430420e-01
7.673562169075012207e-01
-7.223674654960632324e-02
5.160705447196960449e-01
7.280462384223937988e-01
-7.920761406421661377e-02
5.288739204406738281e-01
6.909525394439697266e-01
-8.203636109828948975e-02
5.020994544029235840e-01
8.333950638771057129e-01
-5.023387074470520020e-02
5.312811732292175293e-01
7.829830050468444824e-01
-6.799384951591491699e-02
5.494057536125183105e-01
7.551551461219787598e-01
-7.224087417125701904e-02
5.647311210632324219e-01
7.276906967163085938e-01
-7.468739151954650879e-02
7.893883585929870605e-01
8.102982640266418457e-01
4.183553414804919157e-07
8.223269581794738770e-01
7.604935169219970703e-01
-6.417023949325084686e-03
8.426063060760498047e-01
6.954920291900634766e-01
-1.877018623054027557e-02
8.615657091140747070e-01
6.381674408912658691e-01
-2.817034721374511719e-02
8.909078240394592285e-01
6.087381839752197266e-01
-4.012667387723922729e-02
8.312363028526306152e-01
7.071203589439392090e-01
-5.721769854426383972e-02
8.403710126876831055e-01
6.255053877830505371e-01
-7.743321359157562256e-02
8.431316614151000977e-01
5.742720365524291992e-01
-8.585327863693237305e-02
8.453377485275268555e-01
5.331437587738037109e-01
-9.099426865577697754e-02
8.012294769287109375e-01
7.160779833793640137e-01
-6.225246563553810120e-02
8.034397959709167480e-01
6.332655549049377441e-01
-8.106043934822082520e-02
8.034482598304748535e-01
5.769652128219604492e-01
-8.862400799989700317e-02
8.042668700218200684e-01
5.327256917953491211e-01
-9.549517184495925903e-02
7.686632275581359863e-01
7.278603911399841309e-01
-6.445521861314773560e-02
7.623126506805419922e-01
6.591335535049438477e-01
-8.037065714597702026e-02
7.603437304496765137e-01
6.108351945877075195e-01
-8.921017497777938843e-02
7.618025541305541992e-01
5.734847784042358398e-01
-9.672738611698150635e-02
7.375809550285339355e-01
7.414854764938354492e-01
-6.534758210182189941e-02
7.193505167961120605e-01
6.956440806388854980e-01
-8.105431497097015381e-02
7.092191576957702637e-01
6.672497987747192383e-01
-8.920781314373016357e-02
7.025501728057861328e-01
6.408557891845703125e-01
-9.528731554746627808e-02
