4.110121726989746094e-01
6.946457028388977051e-01
-1.679616303817965672e-07
4.465559124946594238e-01
6.706156730651855469e-01
-5.906787700951099396e-03
4.653402566909790039e-01
6.204912066459655762e-01
-8.525916375219821930e-03
4.735720157623291016e-01
5.762970447540283203e-01
-1.335681509226560593e-02
4.787530004978179932e-01
5.409779548645019531e-01
-1.633254066109657288e-02
4.343358576297760010e-01
5.628042221069335938e-01
5.229432601481676102e-03
4.549007415771484375e-01
5.223714113235473633e-01
-1.122556906193494797e-02
4.704378247261047363e-01
5.518605709075927734e-01
-2.379090152680873871e-02
4.694829285144805908e-01
5.848262906074523926e-01
-2.845361270010471344e-02
4.196645021438598633e-01
5.617429614067077637e-01
2.561462577432394028e-03
4.428218603134155273e-01
5.233911275863647461e-01
-1.028821431100368500e-02
4.587088823318481445e-01
5.547310113906860352e-01
-1.677784323692321777e-02
4.567440152168273926e-01
5.879961848258972168e-01
-1.822110079228878021e-02
4.053064584732055664e-01
5.657207369804382324e-01
-3.003347897902131081e-03
4.305404126644134521e-01
5.287159085273742676e-01
-1.578858867287635803e-02
4.447455108165740967e-01
5.595187544822692871e-01
-1.400261558592319489e-02
4.421392083168029785e-01
5.923987030982971191e-01
-9.021972306072711945e-03
3.904840052127838135e-01
5.747777223587036133e-01
-9.448103606700897217e-03
4.153781235218048096e-01
5.413872003555297852e-01
-1.814004778861999512e-02
4.292856156826019287e-01
5.628306269645690918e-01
-1.437650993466377258e-02
4.290593266487121582e-01
5.907946228981018066e-01
-8.667390793561935425e-03
0.000000000000000000e+00
0.000000000000000000e+00
0.000000000000000000e+00
0.000000000000000000e+00
0.000000000000000000e+00
0.000000000000000000e+00
0.000000000000000000e+00
0.000000000000000000e+00
0.000000000000000000e+00
0.000000000000000000e+00
0.000000000000000000e+00
0.000000000000000000e+00
0.000000000000000000e+00
0.000000000000000000e+00
0.000000000000000000e+00
0.000000000000000000e+00
0.000000000000000000e+00
0.000000000000000000e+00
0.000000000000000000e+00
0.000000000000000000e+00
0.000000000000000000e+00
0.000000000000000000e+00
0.000000000000000000e+00
0.000000000000000000e+00
0.000000000000000000e+00
0.000000000000000000e+00
0.000000000000000000e+00
0.000000000000000000e+00
0.000000000000000000e+00
0.000000000000000000e+00
0.000000000000000000e+00
0.000000000000000000e+00
0.000000000000000000e+00
0.000000000000000000e+00
0.000000000000000000e+00
0.000000000000000000e+00
0.000000000000000000e+00
0.000000000000000000e+00
0.000000000000000000e+00
0.000000000000000000e+00
0.000000000000000000e+00
0.000000000000000000e+00
0.000000000000000000e+00
0.000000000000000000e+00
0.000000000000000000e+00
0.000000000000000000e+00
0.000000000000000000e+00
0.000000000000000000e+00
0.000000000000000000e+00
0.000000000000000000e+00
0.000000000000000000e+00
0.000000000000000000e+00
0.000000000000000000e+00
0.000000000000000000e+00
0.000000000000000000e+00
0.000000000000000000e+00
0.000000000000000000e+00
0.000000000000000000e+00
0.000000000000000000e+00
0.000000000000000000e+00
0.000000000000000000e+00
0.000000000000000000e+00
0.000000000000000000e+00
