4.641045928001403809e-01
5.719870328903198242e-01
-1.274204350920626894e-07
4.968305826187133789e-01
5.505706071853637695e-01
-1.445672474801540375e-03
5.035316348075866699e-01
5.212733745574951172e-01
-5.298852920532226562e-03
5.049271583557128906e-01
4.990413188934326172e-01
-1.124841626733541489e-02
5.023961663246154785e-01
4.797224700450897217e-01
-1.462528854608535767e-02
4.514714479446411133e-01
4.549328684806823730e-01
5.260228645056486130e-03
4.880335032939910889e-01
4.321599900722503662e-01
-9.964029304683208466e-03
5.009580254554748535e-01
4.584892392158508301e-01
-2.230647765100002289e-02
4.997306168079376221e-01
4.870623350143432617e-01
-2.907703258097171783e-02
4.478176534175872803e-01
4.518838524818420410e-01
-7.472644210793077946e-04
4.913709759712219238e-01
4.280808568000793457e-01
-1.289405860006809235e-02
5.038165450096130371e-01
4.602811336517333984e-01
-1.706963032484054565e-02
4.996008872985839844e-01
4.864908158779144287e-01
-1.805161498486995697e-02
4.502487778663635254e-01
4.540168344974517822e-01
-9.090065024793148041e-03
4.971429705619812012e-01
4.364654421806335449e-01
-2.008062042295932770e-02
5.050042867660522461e-01
4.693390429019927979e-01
-1.822607032954692841e-02
4.964306056499481201e-01
4.935884475708007812e-01
-1.518088299781084061e-02
4.579372406005859375e-01
4.619170129299163818e-01
-1.843443885445594788e-02
4.999382495880126953e-01
4.617066979408264160e-01
-2.543528564274311066e-02
5.055996179580688477e-01
4.858830869197845459e-01
-2.439516223967075348e-02
4.973179697990417480e-01
5.023075342178344727e-01
-2.245017141103744507e-02
0.000000000000000000e+00
0.000000000000000000e+00
0.000000000000000000e+00
0.000000000000000000e+00
0.000000000000000000e+00
0.000000000000000000e+00
0.000000000000000000e+00
0.000000000000000000e+00
0.000000000000000000e+00
0.000000000000000000e+00
0.000000000000000000e+00
0.000000000000000000e+00
0.000000000000000000e+00
0.000000000000000000e+00
0.000000000000000000e+00
0.000000000000000000e+00
0.000000000000000000e+00
0.000000000000000000e+00
0.000000000000000000e+00
0.000000000000000000e+00
0.000000000000000000e+00
0.000000000000000000e+00
0.000000000000000000e+00
0.000000000000000000e+00
0.000000000000000000e+00
0.000000000000000000e+00
0.000000000000000000e+00
0.000000000000000000e+00
0.000000000000000000e+00
0.000000000000000000e+00
0.000000000000000000e+00
0.000000000000000000e+00
0.000000000000000000e+00
0.000000000000000000e+00
0.000000000000000000e+00
0.000000000000000000e+00
0.000000000000000000e+00
0.000000000000000000e+00
0.000000000000000000e+00
0.000000000000000000e+00
0.000000000000000000e+00
0.000000000000000000e+00
0.000000000000000000e+00
0.000000000000000000e+00
0.000000000000000000e+00
0.000000000000000000e+00
0.000000000000000000e+00
0.000000000000000000e+00
0.000000000000000000e+00
0.000000000000000000e+00
0.000000000000000000e+00
0.000000000000000000e+00
0.000000000000000000e+00
0.000000000000000000e+00
0.000000000000000000e+00
0.000000000000000000e+00
0.000000000000000000e+00
0.000000000000000000e+00
0.000000000000000000e+00
0.000000000000000000e+00
0.000000000000000000e+00
0.000000000000000000e+00
0.000000000000000000e+00
