4.624740779399871826e-01
5.723937153816223145e-01
-1.249084391474752920e-07
4.965516626834869385e-01
5.507785677909851074e-01
-7.924868841655552387e-04
5.045239329338073730e-01
5.218886733055114746e-01
-4.801113158464431763e-03
5.106763243675231934e-01
5.004902482032775879e-01
-1.134916767477989197e-02
5.124987363815307617e-01
4.826730191707611084e-01
-1.525724865496158600e-02
4.483149647712707520e-01
4.532019197940826416e-01
5.360532552003860474e-03
4.861457943916320801e-01
4.274290502071380615e-01
-8.916712366044521332e-03
4.990163147449493408e-01
4.544213414192199707e-01
-2.068572863936424255e-02
4.957455098628997803e-01
4.798842370510101318e-01
-2.767770551145076752e-02
4.455442726612091064e-01
4.502519071102142334e-01
-1.388600096106529236e-03
4.903253912925720215e-01
4.237079024314880371e-01
-1.343477144837379456e-02
5.007526874542236328e-01
4.542927742004394531e-01
-1.838281750679016113e-02
4.932639300823211670e-01
4.776214659214019775e-01
-2.031904272735118866e-02
4.497861564159393311e-01
4.518550932407379150e-01
-1.016163732856512070e-02
4.979062974452972412e-01
4.349631369113922119e-01
-2.075463347136974335e-02
5.047465562820434570e-01
4.669107794761657715e-01
-1.943347230553627014e-02
4.945566654205322266e-01
4.882290661334991455e-01
-1.703472994267940521e-02
4.598658978939056396e-01
4.591199755668640137e-01
-1.987331733107566833e-02
5.025275349617004395e-01
4.574772715568542480e-01
-2.598640136420726776e-02
5.069940686225891113e-01
4.808306694030761719e-01
-2.463041618466377258e-02
4.971370100975036621e-01
4.960553646087646484e-01
-2.286774665117263794e-02
0.000000000000000000e+00
0.000000000000000000e+00
0.000000000000000000e+00
0.000000000000000000e+00
0.000000000000000000e+00
0.000000000000000000e+00
0.000000000000000000e+00
0.000000000000000000e+00
0.000000000000000000e+00
0.000000000000000000e+00
0.000000000000000000e+00
0.000000000000000000e+00
0.000000000000000000e+00
0.000000000000000000e+00
0.000000000000000000e+00
0.000000000000000000e+00
0.000000000000000000e+00
0.000000000000000000e+00
0.000000000000000000e+00
0.000000000000000000e+00
0.000000000000000000e+00
0.000000000000000000e+00
0.000000000000000000e+00
0.000000000000000000e+00
0.000000000000000000e+00
0.000000000000000000e+00
0.000000000000000000e+00
0.000000000000000000e+00
0.000000000000000000e+00
0.000000000000000000e+00
0.000000000000000000e+00
0.000000000000000000e+00
0.000000000000000000e+00
0.000000000000000000e+00
0.000000000000000000e+00
0.000000000000000000e+00
0.000000000000000000e+00
0.000000000000000000e+00
0.000000000000000000e+00
0.000000000000000000e+00
0.000000000000000000e+00
0.000000000000000000e+00
0.000000000000000000e+00
0.000000000000000000e+00
0.000000000000000000e+00
0.000000000000000000e+00
0.000000000000000000e+00
0.000000000000000000e+00
0.000000000000000000e+00
0.000000000000000000e+00
0.000000000000000000e+00
0.000000000000000000e+00
0.000000000000000000e+00
0.000000000000000000e+00
0.000000000000000000e+00
0.000000000000000000e+00
0.000000000000000000e+00
0.000000000000000000e+00
0.000000000000000000e+00
0.000000000000000000e+00
0.000000000000000000e+00
0.000000000000000000e+00
0.000000000000000000e+00
