4.647775888442993164e-01
5.869572758674621582e-01
-1.722331859355108463e-07
4.994325339794158936e-01
5.611100792884826660e-01
9.554932476021349430e-04
5.094760656356811523e-01
5.305188894271850586e-01
-2.053711097687482834e-03
5.173904895782470703e-01
5.074051618576049805e-01
-8.171927183866500854e-03
5.191696882247924805e-01
4.885595440864562988e-01
-1.187761593610048294e-02
4.517868757247924805e-01
4.641097187995910645e-01
7.582207210361957550e-03
4.910936057567596436e-01
4.375624060630798340e-01
-6.123576313257217407e-03
5.046443939208984375e-01
4.598749577999114990e-01
-1.730093173682689667e-02
5.018720030784606934e-01
4.800158441066741943e-01
-2.384005859494209290e-02
4.525587558746337891e-01
4.603399932384490967e-01
2.418621006654575467e-04
4.997587502002716064e-01
4.390635788440704346e-01
-1.034187339246273041e-02
5.101410150527954102e-01
4.681323766708374023e-01
-1.455027982592582703e-02
5.031195878982543945e-01
4.863033294677734375e-01
-1.629183627665042877e-02
4.607836604118347168e-01
4.622662961483001709e-01
-9.013039059937000275e-03
5.084286928176879883e-01
4.503820836544036865e-01
-1.859227940440177917e-02
5.154173374176025391e-01
4.810106456279754639e-01
-1.719795353710651398e-02
5.068373084068298340e-01
5.001805424690246582e-01
-1.493885461241006851e-02
4.749568700790405273e-01
4.701477289199829102e-01
-1.911891810595989227e-02
5.140359401702880859e-01
4.751978516578674316e-01
-2.385627850890159607e-02
5.190163850784301758e-01
4.990577697753906250e-01
-2.191617898643016815e-02
5.123682618141174316e-01
5.144603252410888672e-01
-1.973427832126617432e-02
0.000000000000000000e+00
0.000000000000000000e+00
0.000000000000000000e+00
0.000000000000000000e+00
0.000000000000000000e+00
0.000000000000000000e+00
0.000000000000000000e+00
0.000000000000000000e+00
0.000000000000000000e+00
0.000000000000000000e+00
0.000000000000000000e+00
0.000000000000000000e+00
0.000000000000000000e+00
0.000000000000000000e+00
0.000000000000000000e+00
0.000000000000000000e+00
0.000000000000000000e+00
0.000000000000000000e+00
0.000000000000000000e+00
0.000000000000000000e+00
0.000000000000000000e+00
0.000000000000000000e+00
0.000000000000000000e+00
0.000000000000000000e+00
0.000000000000000000e+00
0.000000000000000000e+00
0.000000000000000000e+00
0.000000000000000000e+00
0.000000000000000000e+00
0.000000000000000000e+00
0.000000000000000000e+00
0.000000000000000000e+00
0.000000000000000000e+00
0.000000000000000000e+00
0.000000000000000000e+00
0.000000000000000000e+00
0.000000000000000000e+00
0.000000000000000000e+00
0.000000000000000000e+00
0.000000000000000000e+00
0.000000000000000000e+00
0.000000000000000000e+00
0.000000000000000000e+00
0.000000000000000000e+00
0.000000000000000000e+00
0.000000000000000000e+00
0.000000000000000000e+00
0.000000000000000000e+00
0.000000000000000000e+00
0.000000000000000000e+00
0.000000000000000000e+00
0.000000000000000000e+00
0.000000000000000000e+00
0.000000000000000000e+00
0.000000000000000000e+00
0.000000000000000000e+00
0.000000000000000000e+00
0.000000000000000000e+00
0.000000000000000000e+00
0.000000000000000000e+00
0.000000000000000000e+00
0.000000000000000000e+00
0.000000000000000000e+00
