4.655414819717407227e-01
5.753451585769653320e-01
-6.321086232219386147e-08
4.951196014881134033e-01
5.507064461708068848e-01
-1.095378422178328037e-03
4.993027150630950928e-01
5.225160717964172363e-01
-5.333066452294588089e-03
5.038872361183166504e-01
5.003026723861694336e-01
-1.241847220808267593e-02
5.063607692718505859e-01
4.819628298282623291e-01
-1.726227998733520508e-02
4.454198479652404785e-01
4.578340053558349609e-01
7.186058443039655685e-03
4.818029701709747314e-01
4.323500692844390869e-01
-8.217461407184600830e-03
4.972722530364990234e-01
4.490214586257934570e-01
-2.154804393649101257e-02
4.984038472175598145e-01
4.688265919685363770e-01
-2.943799085915088654e-02
4.456739723682403564e-01
4.533115327358245850e-01
3.835942188743501902e-04
4.881553351879119873e-01
4.253447353839874268e-01
-1.320142857730388641e-02
5.014240145683288574e-01
4.517111182212829590e-01
-1.968862675130367279e-02
4.977539777755737305e-01
4.734080731868743896e-01
-2.211022563278675079e-02
4.535836279392242432e-01
4.546639025211334229e-01
-8.654446341097354889e-03
4.974392354488372803e-01
4.335846304893493652e-01
-2.086089923977851868e-02
5.072067379951477051e-01
4.613582491874694824e-01
-2.037946879863739014e-02
5.012996196746826172e-01
4.817769527435302734e-01
-1.797900348901748657e-02
4.673733711242675781e-01
4.622399210929870605e-01
-1.865265145897865295e-02
5.057681798934936523e-01
4.626553356647491455e-01
-2.578312717378139496e-02
5.105925798416137695e-01
4.842604696750640869e-01
-2.476690523326396942e-02
5.034148097038269043e-01
4.990972280502319336e-01
-2.283180132508277893e-02
0.000000000000000000e+00
0.000000000000000000e+00
0.000000000000000000e+00
0.000000000000000000e+00
0.000000000000000000e+00
0.000000000000000000e+00
0.000000000000000000e+00
0.000000000000000000e+00
0.000000000000000000e+00
0.000000000000000000e+00
0.000000000000000000e+00
0.000000000000000000e+00
0.000000000000000000e+00
0.000000000000000000e+00
0.000000000000000000e+00
0.000000000000000000e+00
0.000000000000000000e+00
0.000000000000000000e+00
0.000000000000000000e+00
0.000000000000000000e+00
0.000000000000000000e+00
0.000000000000000000e+00
0.000000000000000000e+00
0.000000000000000000e+00
0.000000000000000000e+00
0.000000000000000000e+00
0.000000000000000000e+00
0.000000000000000000e+00
0.000000000000000000e+00
0.000000000000000000e+00
0.000000000000000000e+00
0.000000000000000000e+00
0.000000000000000000e+00
0.000000000000000000e+00
0.000000000000000000e+00
0.000000000000000000e+00
0.000000000000000000e+00
0.000000000000000000e+00
0.000000000000000000e+00
0.000000000000000000e+00
0.000000000000000000e+00
0.000000000000000000e+00
0.000000000000000000e+00
0.000000000000000000e+00
0.000000000000000000e+00
0.000000000000000000e+00
0.000000000000000000e+00
0.000000000000000000e+00
0.000000000000000000e+00
0.000000000000000000e+00
0.000000000000000000e+00
0.000000000000000000e+00
0.000000000000000000e+00
0.000000000000000000e+00
0.000000000000000000e+00
0.000000000000000000e+00
0.000000000000000000e+00
0.000000000000000000e+00
0.000000000000000000e+00
0.000000000000000000e+00
0.000000000000000000e+00
0.000000000000000000e+00
0.000000000000000000e+00
