4.624958634376525879e-01
5.858317613601684570e-01
-9.728336181069607846e-08
4.965058565139770508e-01
5.645108819007873535e-01
-1.848146552219986916e-03
5.043449997901916504e-01
5.366886854171752930e-01
-6.779847200959920883e-03
5.093643069267272949e-01
5.156874656677246094e-01
-1.445974130183458328e-02
5.106523633003234863e-01
5.020041465759277344e-01
-1.948034390807151794e-02
4.508421123027801514e-01
4.614091813564300537e-01
4.617957863956689835e-03
4.894136488437652588e-01
4.343621730804443359e-01
-1.144014764577150345e-02
5.000173449516296387e-01
4.589710831642150879e-01
-2.357634715735912323e-02
4.960281252861022949e-01
4.826304614543914795e-01
-3.000439889729022980e-02
4.494157731533050537e-01
4.592457413673400879e-01
-1.699323765933513641e-03
4.981052279472351074e-01
4.358986318111419678e-01
-1.548120193183422089e-02
5.051805973052978516e-01
4.679855406284332275e-01
-2.015144377946853638e-02
4.960899949073791504e-01
4.892632663249969482e-01
-2.095544897019863129e-02
4.546894729137420654e-01
4.623299837112426758e-01
-1.035013794898986816e-02
5.047242045402526855e-01
4.496925473213195801e-01
-2.216256223618984222e-02
5.087884068489074707e-01
4.815164506435394287e-01
-2.093325369060039520e-02
4.982711076736450195e-01
5.009633302688598633e-01
-1.771199144423007965e-02
4.655930697917938232e-01
4.715925753116607666e-01
-2.004457823932170868e-02
5.079930424690246582e-01
4.733048677444458008e-01
-2.580206654965877533e-02
5.111320614814758301e-01
4.958401918411254883e-01
-2.418169379234313965e-02
5.018534660339355469e-01
5.091665387153625488e-01
-2.176693268120288849e-02
0.000000000000000000e+00
0.000000000000000000e+00
0.000000000000000000e+00
0.000000000000000000e+00
0.000000000000000000e+00
0.000000000000000000e+00
0.000000000000000000e+00
0.000000000000000000e+00
0.000000000000000000e+00
0.000000000000000000e+00
0.000000000000000000e+00
0.000000000000000000e+00
0.000000000000000000e+00
0.000000000000000000e+00
0.000000000000000000e+00
0.000000000000000000e+00
0.000000000000000000e+00
0.000000000000000000e+00
0.000000000000000000e+00
0.000000000000000000e+00
0.000000000000000000e+00
0.000000000000000000e+00
0.000000000000000000e+00
0.000000000000000000e+00
0.000000000000000000e+00
0.000000000000000000e+00
0.000000000000000000e+00
0.000000000000000000e+00
0.000000000000000000e+00
0.000000000000000000e+00
0.000000000000000000e+00
0.000000000000000000e+00
0.000000000000000000e+00
0.000000000000000000e+00
0.000000000000000000e+00
0.000000000000000000e+00
0.000000000000000000e+00
0.000000000000000000e+00
0.000000000000000000e+00
0.000000000000000000e+00
0.000000000000000000e+00
0.000000000000000000e+00
0.000000000000000000e+00
0.000000000000000000e+00
0.000000000000000000e+00
0.000000000000000000e+00
0.000000000000000000e+00
0.000000000000000000e+00
0.000000000000000000e+00
0.000000000000000000e+00
0.000000000000000000e+00
0.000000000000000000e+00
0.000000000000000000e+00
0.000000000000000000e+00
0.000000000000000000e+00
0.000000000000000000e+00
0.000000000000000000e+00
0.000000000000000000e+00
0.000000000000000000e+00
0.000000000000000000e+00
0.000000000000000000e+00
0.000000000000000000e+00
0.000000000000000000e+00
