4.619191288948059082e-01
5.786862969398498535e-01
-9.026441460946443840e-08
4.936703443527221680e-01
5.539579391479492188e-01
-6.473289249697700143e-05
4.999639987945556641e-01
5.255535840988159180e-01
-3.363674506545066833e-03
5.055128931999206543e-01
5.040795803070068359e-01
-9.827984496951103210e-03
5.080289840698242188e-01
4.884289503097534180e-01
-1.372870057821273804e-02
4.431934952735900879e-01
4.591198861598968506e-01
7.645204663276672363e-03
4.830976724624633789e-01
4.291294813156127930e-01
-7.613986264914274216e-03
4.953343570232391357e-01
4.528779983520507812e-01
-1.951091736555099487e-02
4.922930300235748291e-01
4.765085875988006592e-01
-2.596186287701129913e-02
4.429480433464050293e-01
4.566594064235687256e-01
9.707959834486246109e-04
4.901572763919830322e-01
4.322610497474670410e-01
-1.189469173550605774e-02
4.985322058200836182e-01
4.614919424057006836e-01
-1.660086028277873993e-02
4.914181828498840332e-01
4.826660454273223877e-01
-1.795464754104614258e-02
4.493921399116516113e-01
4.590381979942321777e-01
-8.089495822787284851e-03
4.969012141227722168e-01
4.458742141723632812e-01
-1.816566661000251770e-02
5.017762184143066406e-01
4.750367403030395508e-01
-1.706150360405445099e-02
4.928777813911437988e-01
4.936855137348175049e-01
-1.475464180111885071e-02
4.612090289592742920e-01
4.667865633964538574e-01
-1.821038685739040375e-02
5.007883906364440918e-01
4.702005386352539062e-01
-2.250720933079719543e-02
5.030656456947326660e-01
4.918117225170135498e-01
-2.129809744656085968e-02
4.943195581436157227e-01
5.040315985679626465e-01
-1.983906142413616180e-02
0.000000000000000000e+00
0.000000000000000000e+00
0.000000000000000000e+00
0.000000000000000000e+00
0.000000000000000000e+00
0.000000000000000000e+00
0.000000000000000000e+00
0.000000000000000000e+00
0.000000000000000000e+00
0.000000000000000000e+00
0.000000000000000000e+00
0.000000000000000000e+00
0.000000000000000000e+00
0.000000000000000000e+00
0.000000000000000000e+00
0.000000000000000000e+00
0.000000000000000000e+00
0.000000000000000000e+00
0.000000000000000000e+00
0.000000000000000000e+00
0.000000000000000000e+00
0.000000000000000000e+00
0.000000000000000000e+00
0.000000000000000000e+00
0.000000000000000000e+00
0.000000000000000000e+00
0.000000000000000000e+00
0.000000000000000000e+00
0.000000000000000000e+00
0.000000000000000000e+00
0.000000000000000000e+00
0.000000000000000000e+00
0.000000000000000000e+00
0.000000000000000000e+00
0.000000000000000000e+00
0.000000000000000000e+00
0.000000000000000000e+00
0.000000000000000000e+00
0.000000000000000000e+00
0.000000000000000000e+00
0.000000000000000000e+00
0.000000000000000000e+00
0.000000000000000000e+00
0.000000000000000000e+00
0.000000000000000000e+00
0.000000000000000000e+00
0.000000000000000000e+00
0.000000000000000000e+00
0.000000000000000000e+00
0.000000000000000000e+00
0.000000000000000000e+00
0.000000000000000000e+00
0.000000000000000000e+00
0.000000000000000000e+00
0.000000000000000000e+00
0.000000000000000000e+00
0.000000000000000000e+00
0.000000000000000000e+00
0.000000000000000000e+00
0.000000000000000000e+00
0.000000000000000000e+00
0.000000000000000000e+00
0.000000000000000000e+00
