4.621819257736206055e-01
5.806111693382263184e-01
-1.399810543034618604e-07
4.921130239963531494e-01
5.580877661705017090e-01
3.839446580968797207e-04
4.993444085121154785e-01
5.312341451644897461e-01
-3.568801330402493477e-03
5.075062513351440430e-01
5.107536911964416504e-01
-1.074690278619527817e-02
5.138011574745178223e-01
4.949074685573577881e-01
-1.552446931600570679e-02
4.432103931903839111e-01
4.607850611209869385e-01
7.721855305135250092e-03
4.832429885864257812e-01
4.332633912563323975e-01
-7.902611978352069855e-03
4.949025809764862061e-01
4.592204093933105469e-01
-2.048459276556968689e-02
4.917646050453186035e-01
4.849347472190856934e-01
-2.774381823837757111e-02
4.423985481262207031e-01
4.574585258960723877e-01
2.132433728547766805e-04
4.897361099720001221e-01
4.333201646804809570e-01
-1.276851352304220200e-02
4.982898831367492676e-01
4.635020792484283447e-01
-1.804257929325103760e-02
4.912143349647521973e-01
4.860077500343322754e-01
-2.005443722009658813e-02
4.480814635753631592e-01
4.590138196945190430e-01
-9.607410989701747894e-03
4.964107871055603027e-01
4.456374943256378174e-01
-2.013238146901130676e-02
5.017228722572326660e-01
4.767003357410430908e-01
-1.914412528276443481e-02
4.926695227622985840e-01
4.968820810317993164e-01
-1.704628579318523407e-02
4.598917067050933838e-01
4.660117030143737793e-01
-2.045920491218566895e-02
5.004165768623352051e-01
4.697719216346740723e-01
-2.554554305970668793e-02
5.036010742187500000e-01
4.929273724555969238e-01
-2.461329475045204163e-02
4.948429465293884277e-01
5.064905285835266113e-01
-2.334399521350860596e-02
0.000000000000000000e+00
0.000000000000000000e+00
0.000000000000000000e+00
0.000000000000000000e+00
0.000000000000000000e+00
0.000000000000000000e+00
0.000000000000000000e+00
0.000000000000000000e+00
0.000000000000000000e+00
0.000000000000000000e+00
0.000000000000000000e+00
0.000000000000000000e+00
0.000000000000000000e+00
0.000000000000000000e+00
0.000000000000000000e+00
0.000000000000000000e+00
0.000000000000000000e+00
0.000000000000000000e+00
0.000000000000000000e+00
0.000000000000000000e+00
0.000000000000000000e+00
0.000000000000000000e+00
0.000000000000000000e+00
0.000000000000000000e+00
0.000000000000000000e+00
0.000000000000000000e+00
0.000000000000000000e+00
0.000000000000000000e+00
0.000000000000000000e+00
0.000000000000000000e+00
0.000000000000000000e+00
0.000000000000000000e+00
0.000000000000000000e+00
0.000000000000000000e+00
0.000000000000000000e+00
0.000000000000000000e+00
0.000000000000000000e+00
0.000000000000000000e+00
0.000000000000000000e+00
0.000000000000000000e+00
0.000000000000000000e+00
0.000000000000000000e+00
0.000000000000000000e+00
0.000000000000000000e+00
0.000000000000000000e+00
0.000000000000000000e+00
0.000000000000000000e+00
0.000000000000000000e+00
0.000000000000000000e+00
0.000000000000000000e+00
0.000000000000000000e+00
0.000000000000000000e+00
0.000000000000000000e+00
0.000000000000000000e+00
0.000000000000000000e+00
0.000000000000000000e+00
0.000000000000000000e+00
0.000000000000000000e+00
0.000000000000000000e+00
0.000000000000000000e+00
0.000000000000000000e+00
0.000000000000000000e+00
0.000000000000000000e+00
