4.632460176944732666e-01
5.751066803932189941e-01
-1.209334925533767091e-07
4.960723519325256348e-01
5.540681481361389160e-01
-9.688331629149615765e-04
5.051262974739074707e-01
5.265157818794250488e-01
-4.035478457808494568e-03
5.100003480911254883e-01
5.041112303733825684e-01
-9.352604858577251434e-03
5.092825293540954590e-01
4.865606427192687988e-01
-1.229925081133842468e-02
4.513404369354248047e-01
4.544336795806884766e-01
6.309330929070711136e-03
4.894885122776031494e-01
4.301881492137908936e-01
-5.832372698932886124e-03
5.031737089157104492e-01
4.562212228775024414e-01
-1.559641305357217789e-02
5.015333890914916992e-01
4.823989868164062500e-01
-2.053894847631454468e-02
4.503699839115142822e-01
4.509027004241943359e-01
1.379684312269091606e-03
4.949980974197387695e-01
4.282814562320709229e-01
-7.624621037393808365e-03
5.060853958129882812e-01
4.594796001911163330e-01
-1.043491996824741364e-02
5.017029047012329102e-01
4.862537682056427002e-01
-1.063010282814502716e-02
4.548741579055786133e-01
4.536871314048767090e-01
-5.572231020778417587e-03
5.017144680023193359e-01
4.390994608402252197e-01
-1.415533386170864105e-02
5.091767311096191406e-01
4.698003530502319336e-01
-1.297303847968578339e-02
5.024746060371398926e-01
4.954058825969696045e-01
-1.015165355056524277e-02
4.638114571571350098e-01
4.626556634902954102e-01
-1.334494072943925858e-02
5.032977461814880371e-01
4.620890021324157715e-01
-1.776065304875373840e-02
5.097078680992126465e-01
4.844372272491455078e-01
-1.639849692583084106e-02
5.043426752090454102e-01
5.027219653129577637e-01
-1.416738331317901611e-02
0.000000000000000000e+00
0.000000000000000000e+00
0.000000000000000000e+00
0.000000000000000000e+00
0.000000000000000000e+00
0.000000000000000000e+00
0.000000000000000000e+00
0.000000000000000000e+00
0.000000000000000000e+00
0.000000000000000000e+00
0.000000000000000000e+00
0.000000000000000000e+00
0.000000000000000000e+00
0.000000000000000000e+00
0.000000000000000000e+00
0.000000000000000000e+00
0.000000000000000000e+00
0.000000000000000000e+00
0.000000000000000000e+00
0.000000000000000000e+00
0.000000000000000000e+00
0.000000000000000000e+00
0.000000000000000000e+00
0.000000000000000000e+00
0.000000000000000000e+00
0.000000000000000000e+00
0.000000000000000000e+00
0.000000000000000000e+00
0.000000000000000000e+00
0.000000000000000000e+00
0.000000000000000000e+00
0.000000000000000000e+00
0.000000000000000000e+00
0.000000000000000000e+00
0.000000000000000000e+00
0.000000000000000000e+00
0.000000000000000000e+00
0.000000000000000000e+00
0.000000000000000000e+00
0.000000000000000000e+00
0.000000000000000000e+00
0.000000000000000000e+00
0.000000000000000000e+00
0.000000000000000000e+00
0.000000000000000000e+00
0.000000000000000000e+00
0.000000000000000000e+00
0.000000000000000000e+00
0.000000000000000000e+00
0.000000000000000000e+00
0.000000000000000000e+00
0.000000000000000000e+00
0.000000000000000000e+00
0.000000000000000000e+00
0.000000000000000000e+00
0.000000000000000000e+00
0.000000000000000000e+00
0.000000000000000000e+00
0.000000000000000000e+00
0.000000000000000000e+00
0.000000000000000000e+00
0.000000000000000000e+00
0.000000000000000000e+00
