4.656445086002349854e-01
5.746630430221557617e-01
-1.238304747630536440e-07
4.958367943763732910e-01
5.533284544944763184e-01
-8.817866910248994827e-04
5.020344257354736328e-01
5.238995552062988281e-01
-4.015427548438310623e-03
5.071517825126647949e-01
5.019323229789733887e-01
-9.594258852303028107e-03
5.065640807151794434e-01
4.844257831573486328e-01
-1.286127232015132904e-02
4.494687616825103760e-01
4.554596841335296631e-01
6.596508901566267014e-03
4.880855381488800049e-01
4.330272674560546875e-01
-7.615322247147560120e-03
5.002379417419433594e-01
4.551995098590850830e-01
-1.899805851280689240e-02
4.966569840908050537e-01
4.771560132503509521e-01
-2.531056851148605347e-02
4.495602250099182129e-01
4.516351521015167236e-01
3.972781705670058727e-04
4.957083761692047119e-01
4.295063614845275879e-01
-1.127827819436788559e-02
5.050344467163085938e-01
4.582168161869049072e-01
-1.559697464108467102e-02
4.971670806407928467e-01
4.790372848510742188e-01
-1.665383949875831604e-02
4.555882513523101807e-01
4.531857371330261230e-01
-7.999773137271404266e-03
5.030573606491088867e-01
4.393714070320129395e-01
-1.890398003160953522e-02
5.094540715217590332e-01
4.695967733860015869e-01
-1.805923506617546082e-02
5.002278089523315430e-01
4.892786443233489990e-01
-1.538744568824768066e-02
4.672764539718627930e-01
4.605795443058013916e-01
-1.727632805705070496e-02
5.065197944641113281e-01
4.621277451515197754e-01
-2.305857837200164795e-02
5.107151865959167480e-01
4.850755333900451660e-01
-2.173530124127864838e-02
5.024368762969970703e-01
4.998489618301391602e-01
-1.957227848470211029e-02
0.000000000000000000e+00
0.000000000000000000e+00
0.000000000000000000e+00
0.000000000000000000e+00
0.000000000000000000e+00
0.000000000000000000e+00
0.000000000000000000e+00
0.000000000000000000e+00
0.000000000000000000e+00
0.000000000000000000e+00
0.000000000000000000e+00
0.000000000000000000e+00
0.000000000000000000e+00
0.000000000000000000e+00
0.000000000000000000e+00
0.000000000000000000e+00
0.000000000000000000e+00
0.000000000000000000e+00
0.000000000000000000e+00
0.000000000000000000e+00
0.000000000000000000e+00
0.000000000000000000e+00
0.000000000000000000e+00
0.000000000000000000e+00
0.000000000000000000e+00
0.000000000000000000e+00
0.000000000000000000e+00
0.000000000000000000e+00
0.000000000000000000e+00
0.000000000000000000e+00
0.000000000000000000e+00
0.000000000000000000e+00
0.000000000000000000e+00
0.000000000000000000e+00
0.000000000000000000e+00
0.000000000000000000e+00
0.000000000000000000e+00
0.000000000000000000e+00
0.000000000000000000e+00
0.000000000000000000e+00
0.000000000000000000e+00
0.000000000000000000e+00
0.000000000000000000e+00
0.000000000000000000e+00
0.000000000000000000e+00
0.000000000000000000e+00
0.000000000000000000e+00
0.000000000000000000e+00
0.000000000000000000e+00
0.000000000000000000e+00
0.000000000000000000e+00
0.000000000000000000e+00
0.000000000000000000e+00
0.000000000000000000e+00
0.000000000000000000e+00
0.000000000000000000e+00
0.000000000000000000e+00
0.000000000000000000e+00
0.000000000000000000e+00
0.000000000000000000e+00
0.000000000000000000e+00
0.000000000000000000e+00
0.000000000000000000e+00
