4.615880548954010010e-01
5.829719305038452148e-01
-1.567477454500476597e-07
4.941763281822204590e-01
5.634492039680480957e-01
-1.538489013910293579e-03
5.038230419158935547e-01
5.365950465202331543e-01
-6.867247167974710464e-03
5.137906670570373535e-01
5.153553485870361328e-01
-1.478446926921606064e-02
5.200654864311218262e-01
4.979412555694580078e-01
-2.021340653300285339e-02
4.518844485282897949e-01
4.593290984630584717e-01
3.406899981200695038e-03
4.940913319587707520e-01
4.372293055057525635e-01
-1.245170831680297852e-02
5.051586031913757324e-01
4.631807506084442139e-01
-2.501498349010944366e-02
4.995917081832885742e-01
4.844972491264343262e-01
-3.270247578620910645e-02
4.515823125839233398e-01
4.553979337215423584e-01
-3.861171659082174301e-03
5.016837120056152344e-01
4.376234412193298340e-01
-1.781134679913520813e-02
5.093966722488403320e-01
4.692559838294982910e-01
-2.349313534796237946e-02
4.995445311069488525e-01
4.881755113601684570e-01
-2.591936476528644562e-02
4.579846858978271484e-01
4.585445821285247803e-01
-1.318815257400274277e-02
5.085380673408508301e-01
4.490077495574951172e-01
-2.563469484448432922e-02
5.122567415237426758e-01
4.820330142974853516e-01
-2.492211386561393738e-02
5.001278519630432129e-01
4.999716877937316895e-01
-2.286459878087043762e-02
4.703023135662078857e-01
4.680728018283843994e-01
-2.347381412982940674e-02
5.128734707832336426e-01
4.748142957687377930e-01
-3.057504259049892426e-02
5.147747993469238281e-01
4.990921914577484131e-01
-2.986537106335163116e-02
5.038173198699951172e-01
5.116686820983886719e-01
-2.851058356463909149e-02
0.000000000000000000e+00
0.000000000000000000e+00
0.000000000000000000e+00
0.000000000000000000e+00
0.000000000000000000e+00
0.000000000000000000e+00
0.000000000000000000e+00
0.000000000000000000e+00
0.000000000000000000e+00
0.000000000000000000e+00
0.000000000000000000e+00
0.000000000000000000e+00
0.000000000000000000e+00
0.000000000000000000e+00
0.000000000000000000e+00
0.000000000000000000e+00
0.000000000000000000e+00
0.000000000000000000e+00
0.000000000000000000e+00
0.000000000000000000e+00
0.000000000000000000e+00
0.000000000000000000e+00
0.000000000000000000e+00
0.000000000000000000e+00
0.000000000000000000e+00
0.000000000000000000e+00
0.000000000000000000e+00
0.000000000000000000e+00
0.000000000000000000e+00
0.000000000000000000e+00
0.000000000000000000e+00
0.000000000000000000e+00
0.000000000000000000e+00
0.000000000000000000e+00
0.000000000000000000e+00
0.000000000000000000e+00
0.000000000000000000e+00
0.000000000000000000e+00
0.000000000000000000e+00
0.000000000000000000e+00
0.000000000000000000e+00
0.000000000000000000e+00
0.000000000000000000e+00
0.000000000000000000e+00
0.000000000000000000e+00
0.000000000000000000e+00
0.000000000000000000e+00
0.000000000000000000e+00
0.000000000000000000e+00
0.000000000000000000e+00
0.000000000000000000e+00
0.000000000000000000e+00
0.000000000000000000e+00
0.000000000000000000e+00
0.000000000000000000e+00
0.000000000000000000e+00
0.000000000000000000e+00
0.000000000000000000e+00
0.000000000000000000e+00
0.000000000000000000e+00
0.000000000000000000e+00
0.000000000000000000e+00
0.000000000000000000e+00
