4.430194497108459473e-01
5.748731493949890137e-01
-1.617701883560584974e-07
4.795701801776885986e-01
5.542116761207580566e-01
1.604777644388377666e-03
4.927119314670562744e-01
5.236956477165222168e-01
-7.277084514498710632e-04
5.021390914916992188e-01
5.023575425148010254e-01
-5.751525051891803741e-03
5.053625702857971191e-01
4.848887622356414795e-01
-8.437514305114746094e-03
4.513011574745178223e-01
4.434807300567626953e-01
7.843458093702793121e-03
4.983710050582885742e-01
4.378670156002044678e-01
-5.678230430930852890e-03
5.044534206390380859e-01
4.683422744274139404e-01
-1.711080595850944519e-02
4.950614571571350098e-01
4.912485778331756592e-01
-2.407822199165821075e-02
4.520385265350341797e-01
4.409281909465789795e-01
5.578935961239039898e-04
5.051977634429931641e-01
4.390734434127807617e-01
-1.004781201481819153e-02
5.078095793724060059e-01
4.726018011569976807e-01
-1.427705585956573486e-02
4.962810873985290527e-01
4.920640289783477783e-01
-1.618521846830844879e-02
4.585778713226318359e-01
4.474819302558898926e-01
-8.569098077714443207e-03
5.115039348602294922e-01
4.552356004714965820e-01
-1.719387248158454895e-02
5.101156234741210938e-01
4.882238507270812988e-01
-1.546470168977975845e-02
4.966424107551574707e-01
5.049378275871276855e-01
-1.339311432093381882e-02
4.693180024623870850e-01
4.615643918514251709e-01
-1.854716800153255463e-02
5.092932581901550293e-01
4.796665012836456299e-01
-2.260066196322441101e-02
5.072231292724609375e-01
5.039186477661132812e-01
-2.087614685297012329e-02
4.957067370414733887e-01
5.147523283958435059e-01
-1.924600638449192047e-02
0.000000000000000000e+00
0.000000000000000000e+00
0.000000000000000000e+00
0.000000000000000000e+00
0.000000000000000000e+00
0.000000000000000000e+00
0.000000000000000000e+00
0.000000000000000000e+00
0.000000000000000000e+00
0.000000000000000000e+00
0.000000000000000000e+00
0.000000000000000000e+00
0.000000000000000000e+00
0.000000000000000000e+00
0.000000000000000000e+00
0.000000000000000000e+00
0.000000000000000000e+00
0.000000000000000000e+00
0.000000000000000000e+00
0.000000000000000000e+00
0.000000000000000000e+00
0.000000000000000000e+00
0.000000000000000000e+00
0.000000000000000000e+00
0.000000000000000000e+00
0.000000000000000000e+00
0.000000000000000000e+00
0.000000000000000000e+00
0.000000000000000000e+00
0.000000000000000000e+00
0.000000000000000000e+00
0.000000000000000000e+00
0.000000000000000000e+00
0.000000000000000000e+00
0.000000000000000000e+00
0.000000000000000000e+00
0.000000000000000000e+00
0.000000000000000000e+00
0.000000000000000000e+00
0.000000000000000000e+00
0.000000000000000000e+00
0.000000000000000000e+00
0.000000000000000000e+00
0.000000000000000000e+00
0.000000000000000000e+00
0.000000000000000000e+00
0.000000000000000000e+00
0.000000000000000000e+00
0.000000000000000000e+00
0.000000000000000000e+00
0.000000000000000000e+00
0.000000000000000000e+00
0.000000000000000000e+00
0.000000000000000000e+00
0.000000000000000000e+00
0.000000000000000000e+00
0.000000000000000000e+00
0.000000000000000000e+00
0.000000000000000000e+00
0.000000000000000000e+00
0.000000000000000000e+00
0.000000000000000000e+00
0.000000000000000000e+00
