4.404313564300537109e-01
5.697327852249145508e-01
-1.047865083592114388e-07
4.767406284809112549e-01
5.543332695960998535e-01
-2.321095205843448639e-03
4.901338219642639160e-01
5.257941484451293945e-01
-6.460740696638822556e-03
4.989970922470092773e-01
5.044147968292236328e-01
-1.272014062851667404e-02
5.018052458763122559e-01
4.860089719295501709e-01
-1.622592285275459290e-02
4.514567553997039795e-01
4.444223642349243164e-01
3.577363677322864532e-03
4.962009787559509277e-01
4.329817295074462891e-01
-1.132899709045886993e-02
5.029025077819824219e-01
4.618381559848785400e-01
-2.280393987894058228e-02
4.941985011100769043e-01
4.828916788101196289e-01
-2.938461676239967346e-02
4.519808590412139893e-01
4.413895308971405029e-01
-1.900862785987555981e-03
5.034702420234680176e-01
4.358779191970825195e-01
-1.430654618889093399e-02
5.061197876930236816e-01
4.679512679576873779e-01
-1.877862960100173950e-02
4.945428073406219482e-01
4.847174882888793945e-01
-2.034929208457469940e-02
4.579617977142333984e-01
4.474240243434906006e-01
-9.585623629391193390e-03
5.086769461631774902e-01
4.517400860786437988e-01
-1.996981166303157806e-02
5.079391002655029297e-01
4.824084937572479248e-01
-1.866856962442398071e-02
4.953578710556030273e-01
4.961479008197784424e-01
-1.641445979475975037e-02
4.680753946304321289e-01
4.612338542938232422e-01
-1.831730082631111145e-02
5.070480704307556152e-01
4.775608777999877930e-01
-2.384657226502895355e-02
5.050332546234130859e-01
4.999257922172546387e-01
-2.273086644709110260e-02
4.935884475708007812e-01
5.088533163070678711e-01
-2.121300436556339264e-02
0.000000000000000000e+00
0.000000000000000000e+00
0.000000000000000000e+00
0.000000000000000000e+00
0.000000000000000000e+00
0.000000000000000000e+00
0.000000000000000000e+00
0.000000000000000000e+00
0.000000000000000000e+00
0.000000000000000000e+00
0.000000000000000000e+00
0.000000000000000000e+00
0.000000000000000000e+00
0.000000000000000000e+00
0.000000000000000000e+00
0.000000000000000000e+00
0.000000000000000000e+00
0.000000000000000000e+00
0.000000000000000000e+00
0.000000000000000000e+00
0.000000000000000000e+00
0.000000000000000000e+00
0.000000000000000000e+00
0.000000000000000000e+00
0.000000000000000000e+00
0.000000000000000000e+00
0.000000000000000000e+00
0.000000000000000000e+00
0.000000000000000000e+00
0.000000000000000000e+00
0.000000000000000000e+00
0.000000000000000000e+00
0.000000000000000000e+00
0.000000000000000000e+00
0.000000000000000000e+00
0.000000000000000000e+00
0.000000000000000000e+00
0.000000000000000000e+00
0.000000000000000000e+00
0.000000000000000000e+00
0.000000000000000000e+00
0.000000000000000000e+00
0.000000000000000000e+00
0.000000000000000000e+00
0.000000000000000000e+00
0.000000000000000000e+00
0.000000000000000000e+00
0.000000000000000000e+00
0.000000000000000000e+00
0.000000000000000000e+00
0.000000000000000000e+00
0.000000000000000000e+00
0.000000000000000000e+00
0.000000000000000000e+00
0.000000000000000000e+00
0.000000000000000000e+00
0.000000000000000000e+00
0.000000000000000000e+00
0.000000000000000000e+00
0.000000000000000000e+00
0.000000000000000000e+00
0.000000000000000000e+00
0.000000000000000000e+00
