4.702745974063873291e-01
5.540754795074462891e-01
-1.002402783001343778e-07
4.979585707187652588e-01
5.335823297500610352e-01
-1.959360437467694283e-03
5.051830410957336426e-01
4.948668181896209717e-01
-1.786621753126382828e-03
5.067755579948425293e-01
4.623831808567047119e-01
-4.914747085422277451e-03
5.017429590225219727e-01
4.338134527206420898e-01
-5.890298169106245041e-03
4.733805358409881592e-01
4.482668936252593994e-01
1.594140194356441498e-02
4.889298081398010254e-01
4.226299524307250977e-01
-1.068175071850419044e-03
5.026145577430725098e-01
4.449283182621002197e-01
-1.379623916000127792e-02
5.030263662338256836e-01
4.715074300765991211e-01
-1.864614523947238922e-02
4.641602337360382080e-01
4.454417228698730469e-01
1.083919871598482132e-02
4.897150397300720215e-01
4.222756624221801758e-01
-7.137136999517679214e-03
5.016167759895324707e-01
4.570270180702209473e-01
-1.510935090482234955e-02
4.943659305572509766e-01
4.829398691654205322e-01
-1.549053099006414413e-02
4.531721472740173340e-01
4.449634253978729248e-01
2.240593079477548599e-03
4.859656691551208496e-01
4.268034696578979492e-01
-1.783984340727329254e-02
4.923801124095916748e-01
4.658029973506927490e-01
-1.937659643590450287e-02
4.798012673854827881e-01
4.904012382030487061e-01
-1.411476265639066696e-02
4.404234290122985840e-01
4.490947723388671875e-01
-6.615173537284135818e-03
4.747063219547271729e-01
4.390374124050140381e-01
-1.969335786998271942e-02
4.806552231311798096e-01
4.658899307250976562e-01
-1.880047656595706940e-02
4.704051017761230469e-01
4.837616980075836182e-01
-1.422085240483283997e-02
0.000000000000000000e+00
0.000000000000000000e+00
0.000000000000000000e+00
0.000000000000000000e+00
0.000000000000000000e+00
0.000000000000000000e+00
0.000000000000000000e+00
0.000000000000000000e+00
0.000000000000000000e+00
0.000000000000000000e+00
0.000000000000000000e+00
0.000000000000000000e+00
0.000000000000000000e+00
0.000000000000000000e+00
0.000000000000000000e+00
0.000000000000000000e+00
0.000000000000000000e+00
0.000000000000000000e+00
0.000000000000000000e+00
0.000000000000000000e+00
0.000000000000000000e+00
0.000000000000000000e+00
0.000000000000000000e+00
0.000000000000000000e+00
0.000000000000000000e+00
0.000000000000000000e+00
0.000000000000000000e+00
0.000000000000000000e+00
0.000000000000000000e+00
0.000000000000000000e+00
0.000000000000000000e+00
0.000000000000000000e+00
0.000000000000000000e+00
0.000000000000000000e+00
0.000000000000000000e+00
0.000000000000000000e+00
0.000000000000000000e+00
0.000000000000000000e+00
0.000000000000000000e+00
0.000000000000000000e+00
0.000000000000000000e+00
0.000000000000000000e+00
0.000000000000000000e+00
0.000000000000000000e+00
0.000000000000000000e+00
0.000000000000000000e+00
0.000000000000000000e+00
0.000000000000000000e+00
0.000000000000000000e+00
0.000000000000000000e+00
0.000000000000000000e+00
0.000000000000000000e+00
0.000000000000000000e+00
0.000000000000000000e+00
0.000000000000000000e+00
0.000000000000000000e+00
0.000000000000000000e+00
0.000000000000000000e+00
0.000000000000000000e+00
0.000000000000000000e+00
0.000000000000000000e+00
0.000000000000000000e+00
0.000000000000000000e+00
