4.464276731014251709e-01
5.679007172584533691e-01
-1.065109245246276259e-07
4.801315069198608398e-01
5.484601259231567383e-01
1.037008012644946575e-03
4.901353120803833008e-01
5.192726254463195801e-01
-1.006233738735318184e-03
4.967558979988098145e-01
4.983555078506469727e-01
-5.820893216878175735e-03
4.997045993804931641e-01
4.814238548278808594e-01
-8.244972676038742065e-03
4.500265717506408691e-01
4.419695436954498291e-01
7.982501760125160217e-03
4.955373406410217285e-01
4.320703744888305664e-01
-4.806664772331714630e-03
5.041631460189819336e-01
4.615593850612640381e-01
-1.486709807068109512e-02
4.975141882896423340e-01
4.835453331470489502e-01
-2.050424553453922272e-02
4.502481818199157715e-01
4.400171339511871338e-01
1.593394903466105461e-03
5.026755928993225098e-01
4.350238442420959473e-01
-9.228713810443878174e-03
5.061044692993164062e-01
4.689179062843322754e-01
-1.283977553248405457e-02
4.955985844135284424e-01
4.885374009609222412e-01
-1.354370545595884323e-02
4.566285014152526855e-01
4.462205767631530762e-01
-6.748094223439693451e-03
5.085308551788330078e-01
4.520951807498931885e-01
-1.607568934559822083e-02
5.082404017448425293e-01
4.841629564762115479e-01
-1.464160159230232239e-02
4.961332380771636963e-01
5.003827214241027832e-01
-1.189427729696035385e-02
4.674551486968994141e-01
4.596775472164154053e-01
-1.581429317593574524e-02
5.076603293418884277e-01
4.752455055713653564e-01
-2.010876499116420746e-02
5.071739554405212402e-01
4.988794028759002686e-01
-1.827114075422286987e-02
4.964346587657928467e-01
5.099545717239379883e-01
-1.610921137034893036e-02
0.000000000000000000e+00
0.000000000000000000e+00
0.000000000000000000e+00
0.000000000000000000e+00
0.000000000000000000e+00
0.000000000000000000e+00
0.000000000000000000e+00
0.000000000000000000e+00
0.000000000000000000e+00
0.000000000000000000e+00
0.000000000000000000e+00
0.000000000000000000e+00
0.000000000000000000e+00
0.000000000000000000e+00
0.000000000000000000e+00
0.000000000000000000e+00
0.000000000000000000e+00
0.000000000000000000e+00
0.000000000000000000e+00
0.000000000000000000e+00
0.000000000000000000e+00
0.000000000000000000e+00
0.000000000000000000e+00
0.000000000000000000e+00
0.000000000000000000e+00
0.000000000000000000e+00
0.000000000000000000e+00
0.000000000000000000e+00
0.000000000000000000e+00
0.000000000000000000e+00
0.000000000000000000e+00
0.000000000000000000e+00
0.000000000000000000e+00
0.000000000000000000e+00
0.000000000000000000e+00
0.000000000000000000e+00
0.000000000000000000e+00
0.000000000000000000e+00
0.000000000000000000e+00
0.000000000000000000e+00
0.000000000000000000e+00
0.000000000000000000e+00
0.000000000000000000e+00
0.000000000000000000e+00
0.000000000000000000e+00
0.000000000000000000e+00
0.000000000000000000e+00
0.000000000000000000e+00
0.000000000000000000e+00
0.000000000000000000e+00
0.000000000000000000e+00
0.000000000000000000e+00
0.000000000000000000e+00
0.000000000000000000e+00
0.000000000000000000e+00
0.000000000000000000e+00
0.000000000000000000e+00
0.000000000000000000e+00
0.000000000000000000e+00
0.000000000000000000e+00
0.000000000000000000e+00
0.000000000000000000e+00
0.000000000000000000e+00
