4.462530910968780518e-01
5.689651370048522949e-01
-8.209102020373393316e-08
4.760696589946746826e-01
5.498304367065429688e-01
1.418463070876896381e-03
4.867976903915405273e-01
5.200324654579162598e-01
-6.621322245337069035e-04
4.965238273143768311e-01
4.971968233585357666e-01
-5.366769153624773026e-03
5.014345645904541016e-01
4.788342118263244629e-01
-8.023764938116073608e-03
4.468534290790557861e-01
4.459635913372039795e-01
8.171022869646549225e-03
4.902256727218627930e-01
4.320415556430816650e-01
-4.715356510132551193e-03
5.023998618125915527e-01
4.523884057998657227e-01
-1.511855609714984894e-02
4.998809099197387695e-01
4.713965952396392822e-01
-2.101754955947399139e-02
4.484941959381103516e-01
4.423626959323883057e-01
1.678681932389736176e-03
5.007078647613525391e-01
4.374219775199890137e-01
-9.863371960818767548e-03
5.061414837837219238e-01
4.681397974491119385e-01
-1.435164269059896469e-02
4.972361028194427490e-01
4.869360625743865967e-01
-1.554122287780046463e-02
4.561534523963928223e-01
4.472611546516418457e-01
-6.658119615167379379e-03
5.081899762153625488e-01
4.542281329631805420e-01
-1.721932180225849152e-02
5.079296231269836426e-01
4.855828583240509033e-01
-1.669030822813510895e-02
4.960587620735168457e-01
5.015053749084472656e-01
-1.430301833897829056e-02
4.683411419391632080e-01
4.591808617115020752e-01
-1.557755470275878906e-02
5.080764889717102051e-01
4.751951992511749268e-01
-2.095635607838630676e-02
5.059071183204650879e-01
4.981243908405303955e-01
-2.004120312631130219e-02
4.944118261337280273e-01
5.084887146949768066e-01
-1.836256682872772217e-02
0.000000000000000000e+00
0.000000000000000000e+00
0.000000000000000000e+00
0.000000000000000000e+00
0.000000000000000000e+00
0.000000000000000000e+00
0.000000000000000000e+00
0.000000000000000000e+00
0.000000000000000000e+00
0.000000000000000000e+00
0.000000000000000000e+00
0.000000000000000000e+00
0.000000000000000000e+00
0.000000000000000000e+00
0.000000000000000000e+00
0.000000000000000000e+00
0.000000000000000000e+00
0.000000000000000000e+00
0.000000000000000000e+00
0.000000000000000000e+00
0.000000000000000000e+00
0.000000000000000000e+00
0.000000000000000000e+00
0.000000000000000000e+00
0.000000000000000000e+00
0.000000000000000000e+00
0.000000000000000000e+00
0.000000000000000000e+00
0.000000000000000000e+00
0.000000000000000000e+00
0.000000000000000000e+00
0.000000000000000000e+00
0.000000000000000000e+00
0.000000000000000000e+00
0.000000000000000000e+00
0.000000000000000000e+00
0.000000000000000000e+00
0.000000000000000000e+00
0.000000000000000000e+00
0.000000000000000000e+00
0.000000000000000000e+00
0.000000000000000000e+00
0.000000000000000000e+00
0.000000000000000000e+00
0.000000000000000000e+00
0.000000000000000000e+00
0.000000000000000000e+00
0.000000000000000000e+00
0.000000000000000000e+00
0.000000000000000000e+00
0.000000000000000000e+00
0.000000000000000000e+00
0.000000000000000000e+00
0.000000000000000000e+00
0.000000000000000000e+00
0.000000000000000000e+00
0.000000000000000000e+00
0.000000000000000000e+00
0.000000000000000000e+00
0.000000000000000000e+00
0.000000000000000000e+00
0.000000000000000000e+00
0.000000000000000000e+00
