4.554134309291839600e-01
5.730032920837402344e-01
-5.688887227961458848e-08
4.887183010578155518e-01
5.525174140930175781e-01
1.693063764832913876e-03
4.943847954273223877e-01
5.218386054039001465e-01
-4.568173317238688469e-04
4.998421669006347656e-01
4.977806508541107178e-01
-6.011028308421373367e-03
5.024411678314208984e-01
4.763462543487548828e-01
-8.956435136497020721e-03
4.432108998298645020e-01
4.539127349853515625e-01
1.102062407881021500e-02
4.843972325325012207e-01
4.293657541275024414e-01
-4.988825414329767227e-03
4.993640482425689697e-01
4.510563611984252930e-01
-1.758112013339996338e-02
4.978165030479431152e-01
4.751186072826385498e-01
-2.399026043713092804e-02
4.426187872886657715e-01
4.505560994148254395e-01
3.477334510535001755e-03
4.940388500690460205e-01
4.304128587245941162e-01
-1.156542822718620300e-02
5.025755167007446289e-01
4.621922969818115234e-01
-1.728487946093082428e-02
4.933048188686370850e-01
4.836879670619964600e-01
-1.820010878145694733e-02
4.491184949874877930e-01
4.524998068809509277e-01
-6.491468288004398346e-03
5.021301507949829102e-01
4.455918967723846436e-01
-1.987233944237232208e-02
5.049557685852050781e-01
4.797569215297698975e-01
-1.938186399638652802e-02
4.921658039093017578e-01
4.980419576168060303e-01
-1.610278896987438202e-02
4.608942270278930664e-01
4.599303305149078369e-01
-1.711825467646121979e-02
5.041562318801879883e-01
4.711205065250396729e-01
-2.424718439579010010e-02
5.047290325164794922e-01
4.965936839580535889e-01
-2.331408858299255371e-02
4.928537011146545410e-01
5.080319643020629883e-01
-2.116645872592926025e-02
0.000000000000000000e+00
0.000000000000000000e+00
0.000000000000000000e+00
0.000000000000000000e+00
0.000000000000000000e+00
0.000000000000000000e+00
0.000000000000000000e+00
0.000000000000000000e+00
0.000000000000000000e+00
0.000000000000000000e+00
0.000000000000000000e+00
0.000000000000000000e+00
0.000000000000000000e+00
0.000000000000000000e+00
0.000000000000000000e+00
0.000000000000000000e+00
0.000000000000000000e+00
0.000000000000000000e+00
0.000000000000000000e+00
0.000000000000000000e+00
0.000000000000000000e+00
0.000000000000000000e+00
0.000000000000000000e+00
0.000000000000000000e+00
0.000000000000000000e+00
0.000000000000000000e+00
0.000000000000000000e+00
0.000000000000000000e+00
0.000000000000000000e+00
0.000000000000000000e+00
0.000000000000000000e+00
0.000000000000000000e+00
0.000000000000000000e+00
0.000000000000000000e+00
0.000000000000000000e+00
0.000000000000000000e+00
0.000000000000000000e+00
0.000000000000000000e+00
0.000000000000000000e+00
0.000000000000000000e+00
0.000000000000000000e+00
0.000000000000000000e+00
0.000000000000000000e+00
0.000000000000000000e+00
0.000000000000000000e+00
0.000000000000000000e+00
0.000000000000000000e+00
0.000000000000000000e+00
0.000000000000000000e+00
0.000000000000000000e+00
0.000000000000000000e+00
0.000000000000000000e+00
0.000000000000000000e+00
0.000000000000000000e+00
0.000000000000000000e+00
0.000000000000000000e+00
0.000000000000000000e+00
0.000000000000000000e+00
0.000000000000000000e+00
0.000000000000000000e+00
0.000000000000000000e+00
0.000000000000000000e+00
0.000000000000000000e+00
