4.540137946605682373e-01
5.755026936531066895e-01
-1.085183711779791338e-07
4.877426326274871826e-01
5.490784645080566406e-01
-1.388836186379194260e-03
4.937001764774322510e-01
5.186796188354492188e-01
-4.897342994809150696e-03
4.979060292243957520e-01
4.937706887722015381e-01
-1.090919785201549530e-02
4.984124898910522461e-01
4.717097878456115723e-01
-1.444714237004518509e-02
4.401572346687316895e-01
4.511858224868774414e-01
7.071026135236024857e-03
4.828428030014038086e-01
4.272653162479400635e-01
-9.323830716311931610e-03
4.945078790187835693e-01
4.510479867458343506e-01
-2.162339352071285248e-02
4.921345114707946777e-01
4.763525128364562988e-01
-2.814039029181003571e-02
4.373501241207122803e-01
4.482285380363464355e-01
1.027859398163855076e-03
4.890599846839904785e-01
4.270249307155609131e-01
-1.399074960500001907e-02
4.980604946613311768e-01
4.599947333335876465e-01
-1.875476352870464325e-02
4.914720356464385986e-01
4.836871922016143799e-01
-1.917250454425811768e-02
4.406923055648803711e-01
4.510530531406402588e-01
-7.658144924789667130e-03
4.949756562709808350e-01
4.433625340461730957e-01
-2.082740701735019684e-02
4.984304308891296387e-01
4.776994585990905762e-01
-1.984043791890144348e-02
4.874289929866790771e-01
4.983567297458648682e-01
-1.636530458927154541e-02
4.498032927513122559e-01
4.593545794486999512e-01
-1.731365360319614410e-02
4.940162599086761475e-01
4.660829901695251465e-01
-2.462922036647796631e-02
4.961049854755401611e-01
4.915012121200561523e-01
-2.402233704924583435e-02
4.858652353286743164e-01
5.047474503517150879e-01
-2.206335775554180145e-02
0.000000000000000000e+00
0.000000000000000000e+00
0.000000000000000000e+00
0.000000000000000000e+00
0.000000000000000000e+00
0.000000000000000000e+00
0.000000000000000000e+00
0.000000000000000000e+00
0.000000000000000000e+00
0.000000000000000000e+00
0.000000000000000000e+00
0.000000000000000000e+00
0.000000000000000000e+00
0.000000000000000000e+00
0.000000000000000000e+00
0.000000000000000000e+00
0.000000000000000000e+00
0.000000000000000000e+00
0.000000000000000000e+00
0.000000000000000000e+00
0.000000000000000000e+00
0.000000000000000000e+00
0.000000000000000000e+00
0.000000000000000000e+00
0.000000000000000000e+00
0.000000000000000000e+00
0.000000000000000000e+00
0.000000000000000000e+00
0.000000000000000000e+00
0.000000000000000000e+00
0.000000000000000000e+00
0.000000000000000000e+00
0.000000000000000000e+00
0.000000000000000000e+00
0.000000000000000000e+00
0.000000000000000000e+00
0.000000000000000000e+00
0.000000000000000000e+00
0.000000000000000000e+00
0.000000000000000000e+00
0.000000000000000000e+00
0.000000000000000000e+00
0.000000000000000000e+00
0.000000000000000000e+00
0.000000000000000000e+00
0.000000000000000000e+00
0.000000000000000000e+00
0.000000000000000000e+00
0.000000000000000000e+00
0.000000000000000000e+00
0.000000000000000000e+00
0.000000000000000000e+00
0.000000000000000000e+00
0.000000000000000000e+00
0.000000000000000000e+00
0.000000000000000000e+00
0.000000000000000000e+00
0.000000000000000000e+00
0.000000000000000000e+00
0.000000000000000000e+00
0.000000000000000000e+00
0.000000000000000000e+00
0.000000000000000000e+00
