4.615551531314849854e-01
5.685757994651794434e-01
-1.407221077442954993e-07
4.950664043426513672e-01
5.412049889564514160e-01
-3.725284768734127283e-04
5.030227303504943848e-01
5.082613825798034668e-01
-3.092734143137931824e-03
5.078094005584716797e-01
4.818762242794036865e-01
-8.277340792119503021e-03
5.088144540786743164e-01
4.583682417869567871e-01
-1.077013090252876282e-02
4.470974504947662354e-01
4.481308460235595703e-01
7.776961196213960648e-03
4.923865497112274170e-01
4.260487556457519531e-01
-7.656724657863378525e-03
5.034612417221069336e-01
4.559541642665863037e-01
-1.916570961475372314e-02
4.991824924945831299e-01
4.835590422153472900e-01
-2.511755563318729401e-02
4.432483315467834473e-01
4.449688792228698730e-01
1.554480753839015961e-03
4.947953224182128906e-01
4.212254881858825684e-01
-1.269938610494136810e-02
5.044853091239929199e-01
4.566143453121185303e-01
-1.695206202566623688e-02
4.985146522521972656e-01
4.828418791294097900e-01
-1.670597679913043976e-02
4.457974135875701904e-01
4.476562738418579102e-01
-6.974204909056425095e-03
4.998940825462341309e-01
4.341751039028167725e-01
-2.012320421636104584e-02
5.054758787155151367e-01
4.703452289104461670e-01
-1.842510513961315155e-02
4.958891868591308594e-01
4.936592876911163330e-01
-1.384922303259372711e-02
4.536557197570800781e-01
4.556283354759216309e-01
-1.615521684288978577e-02
4.985415041446685791e-01
4.549943208694458008e-01
-2.291435375809669495e-02
5.021018385887145996e-01
4.814543724060058594e-01
-2.083989977836608887e-02
4.927366077899932861e-01
4.982980787754058838e-01
-1.752985827624797821e-02
0.000000000000000000e+00
0.000000000000000000e+00
0.000000000000000000e+00
0.000000000000000000e+00
0.000000000000000000e+00
0.000000000000000000e+00
0.000000000000000000e+00
0.000000000000000000e+00
0.000000000000000000e+00
0.000000000000000000e+00
0.000000000000000000e+00
0.000000000000000000e+00
0.000000000000000000e+00
0.000000000000000000e+00
0.000000000000000000e+00
0.000000000000000000e+00
0.000000000000000000e+00
0.000000000000000000e+00
0.000000000000000000e+00
0.000000000000000000e+00
0.000000000000000000e+00
0.000000000000000000e+00
0.000000000000000000e+00
0.000000000000000000e+00
0.000000000000000000e+00
0.000000000000000000e+00
0.000000000000000000e+00
0.000000000000000000e+00
0.000000000000000000e+00
0.000000000000000000e+00
0.000000000000000000e+00
0.000000000000000000e+00
0.000000000000000000e+00
0.000000000000000000e+00
0.000000000000000000e+00
0.000000000000000000e+00
0.000000000000000000e+00
0.000000000000000000e+00
0.000000000000000000e+00
0.000000000000000000e+00
0.000000000000000000e+00
0.000000000000000000e+00
0.000000000000000000e+00
0.000000000000000000e+00
0.000000000000000000e+00
0.000000000000000000e+00
0.000000000000000000e+00
0.000000000000000000e+00
0.000000000000000000e+00
0.000000000000000000e+00
0.000000000000000000e+00
0.000000000000000000e+00
0.000000000000000000e+00
0.000000000000000000e+00
0.000000000000000000e+00
0.000000000000000000e+00
0.000000000000000000e+00
0.000000000000000000e+00
0.000000000000000000e+00
0.000000000000000000e+00
0.000000000000000000e+00
0.000000000000000000e+00
0.000000000000000000e+00
