4.869048297405242920e-01
5.689997076988220215e-01
-1.894008931913049310e-07
5.161401033401489258e-01
5.427623391151428223e-01
-6.570522673428058624e-04
5.187425613403320312e-01
5.096172690391540527e-01
-2.058031735941767693e-03
5.194941163063049316e-01
4.816331863403320312e-01
-6.920893676578998566e-03
5.153694748878479004e-01
4.578168094158172607e-01
-9.304504841566085815e-03
4.704853296279907227e-01
4.601238667964935303e-01
1.405897270888090134e-02
4.998839199542999268e-01
4.358111917972564697e-01
-1.541570294648408890e-03
5.114357471466064453e-01
4.613395333290100098e-01
-1.369923260062932968e-02
5.074602961540222168e-01
4.887781441211700439e-01
-1.943776197731494904e-02
4.635749757289886475e-01
4.571425318717956543e-01
7.811136078089475632e-03
5.017564892768859863e-01
4.300167560577392578e-01
-6.879157386720180511e-03
5.141530632972717285e-01
4.628522992134094238e-01
-1.231072284281253815e-02
5.067272186279296875e-01
4.887042045593261719e-01
-1.257721148431301117e-02
4.595047831535339355e-01
4.564263224601745605e-01
-1.552565721794962883e-03
5.020138025283813477e-01
4.332087039947509766e-01
-1.652181707322597504e-02
5.112893581390380859e-01
4.676334261894226074e-01
-1.607942953705787659e-02
5.012223720550537109e-01
4.928740859031677246e-01
-1.164708472788333893e-02
4.586260616779327393e-01
4.600638747215270996e-01
-1.159168779850006104e-02
4.989261925220489502e-01
4.455247521400451660e-01
-2.021504007279872894e-02
5.055018067359924316e-01
4.703886508941650391e-01
-1.856629177927970886e-02
4.958156347274780273e-01
4.897992908954620361e-01
-1.505476515740156174e-02
0.000000000000000000e+00
0.000000000000000000e+00
0.000000000000000000e+00
0.000000000000000000e+00
0.000000000000000000e+00
0.000000000000000000e+00
0.000000000000000000e+00
0.000000000000000000e+00
0.000000000000000000e+00
0.000000000000000000e+00
0.000000000000000000e+00
0.000000000000000000e+00
0.000000000000000000e+00
0.000000000000000000e+00
0.000000000000000000e+00
0.000000000000000000e+00
0.000000000000000000e+00
0.000000000000000000e+00
0.000000000000000000e+00
0.000000000000000000e+00
0.000000000000000000e+00
0.000000000000000000e+00
0.000000000000000000e+00
0.000000000000000000e+00
0.000000000000000000e+00
0.000000000000000000e+00
0.000000000000000000e+00
0.000000000000000000e+00
0.000000000000000000e+00
0.000000000000000000e+00
0.000000000000000000e+00
0.000000000000000000e+00
0.000000000000000000e+00
0.000000000000000000e+00
0.000000000000000000e+00
0.000000000000000000e+00
0.000000000000000000e+00
0.000000000000000000e+00
0.000000000000000000e+00
0.000000000000000000e+00
0.000000000000000000e+00
0.000000000000000000e+00
0.000000000000000000e+00
0.000000000000000000e+00
0.000000000000000000e+00
0.000000000000000000e+00
0.000000000000000000e+00
0.000000000000000000e+00
0.000000000000000000e+00
0.000000000000000000e+00
0.000000000000000000e+00
0.000000000000000000e+00
0.000000000000000000e+00
0.000000000000000000e+00
0.000000000000000000e+00
0.000000000000000000e+00
0.000000000000000000e+00
0.000000000000000000e+00
0.000000000000000000e+00
0.000000000000000000e+00
0.000000000000000000e+00
0.000000000000000000e+00
0.000000000000000000e+00
