4.887626469135284424e-01
5.674104094505310059e-01
-1.779267648771565291e-07
5.162966251373291016e-01
5.452630519866943359e-01
-1.189480884931981564e-03
5.188350677490234375e-01
5.143358111381530762e-01
-2.289067953824996948e-03
5.167820453643798828e-01
4.895705580711364746e-01
-6.614285986870527267e-03
5.104539990425109863e-01
4.690023362636566162e-01
-8.587963879108428955e-03
4.776470363140106201e-01
4.623427689075469971e-01
1.280207745730876923e-02
5.039689540863037109e-01
4.352513551712036133e-01
-2.144913654774427414e-03
5.133990049362182617e-01
4.623354077339172363e-01
-1.335084997117519379e-02
5.094271898269653320e-01
4.898316860198974609e-01
-1.855007745325565338e-02
4.697042107582092285e-01
4.583320021629333496e-01
6.754812318831682205e-03
5.046866536140441895e-01
4.290717244148254395e-01
-7.697579450905323029e-03
5.144116282463073730e-01
4.626380205154418945e-01
-1.267379801720380783e-02
5.069059729576110840e-01
4.890041351318359375e-01
-1.253555621951818466e-02
4.630853533744812012e-01
4.564925134181976318e-01
-2.363202162086963654e-03
5.037749409675598145e-01
4.318149387836456299e-01
-1.681205444037914276e-02
5.103469491004943848e-01
4.677225947380065918e-01
-1.636833883821964264e-02
4.995618462562561035e-01
4.931358695030212402e-01
-1.209537032991647720e-02
4.586336016654968262e-01
4.591056108474731445e-01
-1.226316858083009720e-02
4.987590610980987549e-01
4.476527273654937744e-01
-2.083900570869445801e-02
5.040253996849060059e-01
4.743744730949401855e-01
-1.965075917541980743e-02
4.939818084239959717e-01
4.939488172531127930e-01
-1.661393418908119202e-02
0.000000000000000000e+00
0.000000000000000000e+00
0.000000000000000000e+00
0.000000000000000000e+00
0.000000000000000000e+00
0.000000000000000000e+00
0.000000000000000000e+00
0.000000000000000000e+00
0.000000000000000000e+00
0.000000000000000000e+00
0.000000000000000000e+00
0.000000000000000000e+00
0.000000000000000000e+00
0.000000000000000000e+00
0.000000000000000000e+00
0.000000000000000000e+00
0.000000000000000000e+00
0.000000000000000000e+00
0.000000000000000000e+00
0.000000000000000000e+00
0.000000000000000000e+00
0.000000000000000000e+00
0.000000000000000000e+00
0.000000000000000000e+00
0.000000000000000000e+00
0.000000000000000000e+00
0.000000000000000000e+00
0.000000000000000000e+00
0.000000000000000000e+00
0.000000000000000000e+00
0.000000000000000000e+00
0.000000000000000000e+00
0.000000000000000000e+00
0.000000000000000000e+00
0.000000000000000000e+00
0.000000000000000000e+00
0.000000000000000000e+00
0.000000000000000000e+00
0.000000000000000000e+00
0.000000000000000000e+00
0.000000000000000000e+00
0.000000000000000000e+00
0.000000000000000000e+00
0.000000000000000000e+00
0.000000000000000000e+00
0.000000000000000000e+00
0.000000000000000000e+00
0.000000000000000000e+00
0.000000000000000000e+00
0.000000000000000000e+00
0.000000000000000000e+00
0.000000000000000000e+00
0.000000000000000000e+00
0.000000000000000000e+00
0.000000000000000000e+00
0.000000000000000000e+00
0.000000000000000000e+00
0.000000000000000000e+00
0.000000000000000000e+00
0.000000000000000000e+00
0.000000000000000000e+00
0.000000000000000000e+00
0.000000000000000000e+00
