4.781912863254547119e-01
5.776627063751220703e-01
-1.610356008541202755e-07
5.083178281784057617e-01
5.511486530303955078e-01
-1.311500673182308674e-03
5.145787000656127930e-01
5.189387798309326172e-01
-4.795875865966081619e-03
5.180424451828002930e-01
4.955764710903167725e-01
-1.022746507078409195e-02
5.161948800086975098e-01
4.762055873870849609e-01
-1.301922090351581573e-02
4.558890759944915771e-01
4.617314338684082031e-01
6.019956897944211960e-03
5.016282200813293457e-01
4.426793456077575684e-01
-8.771601133048534393e-03
5.108366608619689941e-01
4.729827642440795898e-01
-2.083765715360641479e-02
5.031683444976806641e-01
4.972600638866424561e-01
-2.836819179356098175e-02
4.511536061763763428e-01
4.592145979404449463e-01
-5.120215355418622494e-04
5.035474896430969238e-01
4.393384456634521484e-01
-1.390707585960626602e-02
5.117993354797363281e-01
4.736169278621673584e-01
-1.858021877706050873e-02
5.037973523139953613e-01
4.956404566764831543e-01
-1.993351243436336517e-02
4.524160027503967285e-01
4.605573713779449463e-01
-9.259440004825592041e-03
5.070695877075195312e-01
4.462708830833435059e-01
-2.106940187513828278e-02
5.121169090270996094e-01
4.804812669754028320e-01
-1.907046511769294739e-02
5.008752346038818359e-01
5.011937618255615234e-01
-1.572128199040889740e-02
4.593591094017028809e-01
4.659224450588226318e-01
-1.897375099360942841e-02
5.052103400230407715e-01
4.632947146892547607e-01
-2.554780431091785431e-02
5.091187953948974609e-01
4.881394803524017334e-01
-2.358242496848106384e-02
4.988287985324859619e-01
5.028836727142333984e-01
-2.105709351599216461e-02
0.000000000000000000e+00
0.000000000000000000e+00
0.000000000000000000e+00
0.000000000000000000e+00
0.000000000000000000e+00
0.000000000000000000e+00
0.000000000000000000e+00
0.000000000000000000e+00
0.000000000000000000e+00
0.000000000000000000e+00
0.000000000000000000e+00
0.000000000000000000e+00
0.000000000000000000e+00
0.000000000000000000e+00
0.000000000000000000e+00
0.000000000000000000e+00
0.000000000000000000e+00
0.000000000000000000e+00
0.000000000000000000e+00
0.000000000000000000e+00
0.000000000000000000e+00
0.000000000000000000e+00
0.000000000000000000e+00
0.000000000000000000e+00
0.000000000000000000e+00
0.000000000000000000e+00
0.000000000000000000e+00
0.000000000000000000e+00
0.000000000000000000e+00
0.000000000000000000e+00
0.000000000000000000e+00
0.000000000000000000e+00
0.000000000000000000e+00
0.000000000000000000e+00
0.000000000000000000e+00
0.000000000000000000e+00
0.000000000000000000e+00
0.000000000000000000e+00
0.000000000000000000e+00
0.000000000000000000e+00
0.000000000000000000e+00
0.000000000000000000e+00
0.000000000000000000e+00
0.000000000000000000e+00
0.000000000000000000e+00
0.000000000000000000e+00
0.000000000000000000e+00
0.000000000000000000e+00
0.000000000000000000e+00
0.000000000000000000e+00
0.000000000000000000e+00
0.000000000000000000e+00
0.000000000000000000e+00
0.000000000000000000e+00
0.000000000000000000e+00
0.000000000000000000e+00
0.000000000000000000e+00
0.000000000000000000e+00
0.000000000000000000e+00
0.000000000000000000e+00
0.000000000000000000e+00
0.000000000000000000e+00
0.000000000000000000e+00
