4.578632414340972900e-01
5.766323804855346680e-01
-1.659264938780324883e-07
4.932320713996887207e-01
5.518714785575866699e-01
-2.185855759307742119e-03
5.040374994277954102e-01
5.184125304222106934e-01
-5.615700501948595047e-03
5.102959871292114258e-01
4.933020770549774170e-01
-1.024528872221708298e-02
5.092686414718627930e-01
4.752816259860992432e-01
-1.236920803785324097e-02
4.491745829582214355e-01
4.507692754268646240e-01
1.617704518139362335e-03
4.971902668476104736e-01
4.315573275089263916e-01
-1.137805823236703873e-02
5.059490203857421875e-01
4.617774486541748047e-01
-2.087104320526123047e-02
4.993504583835601807e-01
4.836655259132385254e-01
-2.672885358333587646e-02
4.474116861820220947e-01
4.485027492046356201e-01
-3.613735083490610123e-03
5.034151673316955566e-01
4.331459701061248779e-01
-1.321388408541679382e-02
5.089547634124755859e-01
4.661253094673156738e-01
-1.478706113994121552e-02
5.000973343849182129e-01
4.844568669795989990e-01
-1.514090970158576965e-02
4.526422619819641113e-01
4.546283483505249023e-01
-1.074194721877574921e-02
5.092418789863586426e-01
4.470477104187011719e-01
-1.887314580380916595e-02
5.113971233367919922e-01
4.801928400993347168e-01
-1.562180742621421814e-02
5.000771284103393555e-01
4.974547028541564941e-01
-1.283811964094638824e-02
4.633463621139526367e-01
4.673293530941009521e-01
-1.896165125072002411e-02
5.070092082023620605e-01
4.729586243629455566e-01
-2.302194386720657349e-02
5.085856914520263672e-01
4.981899857521057129e-01
-2.125887759029865265e-02
4.990589916706085205e-01
5.107188224792480469e-01
-1.972885802388191223e-02
0.000000000000000000e+00
0.000000000000000000e+00
0.000000000000000000e+00
0.000000000000000000e+00
0.000000000000000000e+00
0.000000000000000000e+00
0.000000000000000000e+00
0.000000000000000000e+00
0.000000000000000000e+00
0.000000000000000000e+00
0.000000000000000000e+00
0.000000000000000000e+00
0.000000000000000000e+00
0.000000000000000000e+00
0.000000000000000000e+00
0.000000000000000000e+00
0.000000000000000000e+00
0.000000000000000000e+00
0.000000000000000000e+00
0.000000000000000000e+00
0.000000000000000000e+00
0.000000000000000000e+00
0.000000000000000000e+00
0.000000000000000000e+00
0.000000000000000000e+00
0.000000000000000000e+00
0.000000000000000000e+00
0.000000000000000000e+00
0.000000000000000000e+00
0.000000000000000000e+00
0.000000000000000000e+00
0.000000000000000000e+00
0.000000000000000000e+00
0.000000000000000000e+00
0.000000000000000000e+00
0.000000000000000000e+00
0.000000000000000000e+00
0.000000000000000000e+00
0.000000000000000000e+00
0.000000000000000000e+00
0.000000000000000000e+00
0.000000000000000000e+00
0.000000000000000000e+00
0.000000000000000000e+00
0.000000000000000000e+00
0.000000000000000000e+00
0.000000000000000000e+00
0.000000000000000000e+00
0.000000000000000000e+00
0.000000000000000000e+00
0.000000000000000000e+00
0.000000000000000000e+00
0.000000000000000000e+00
0.000000000000000000e+00
0.000000000000000000e+00
0.000000000000000000e+00
0.000000000000000000e+00
0.000000000000000000e+00
0.000000000000000000e+00
0.000000000000000000e+00
0.000000000000000000e+00
0.000000000000000000e+00
0.000000000000000000e+00
