4.600978493690490723e-01
5.772540569305419922e-01
-8.951666075063258177e-08
4.918977916240692139e-01
5.503265857696533203e-01
-3.194267046637833118e-04
4.993657469749450684e-01
5.160194039344787598e-01
-3.493848489597439766e-03
5.049820542335510254e-01
4.887082874774932861e-01
-8.581538684666156769e-03
5.059452652931213379e-01
4.659458100795745850e-01
-1.121176034212112427e-02
4.470381140708923340e-01
4.507514238357543945e-01
2.232478000223636627e-03
4.938417673110961914e-01
4.278678297996520996e-01
-1.306049991399049759e-02
5.061983466148376465e-01
4.518359601497650146e-01
-2.327802218496799469e-02
5.032854080200195312e-01
4.759852290153503418e-01
-2.810532413423061371e-02
4.453692436218261719e-01
4.481794834136962891e-01
-3.261920996010303497e-03
5.025752782821655273e-01
4.313955605030059814e-01
-1.555604860186576843e-02
5.103074908256530762e-01
4.642836749553680420e-01
-1.716323941946029663e-02
5.021008253097534180e-01
4.869616925716400146e-01
-1.601605303585529327e-02
4.510433077812194824e-01
4.536518454551696777e-01
-1.075232680886983871e-02
5.088270902633666992e-01
4.493817985057830811e-01
-2.112244255840778351e-02
5.118566751480102539e-01
4.822818040847778320e-01
-1.797936484217643738e-02
5.015708804130554199e-01
5.019589662551879883e-01
-1.376608572900295258e-02
4.622658193111419678e-01
4.654427766799926758e-01
-1.903155073523521423e-02
5.074671506881713867e-01
4.732487499713897705e-01
-2.387378737330436707e-02
5.093570947647094727e-01
4.980286359786987305e-01
-2.164942212402820587e-02
5.005448460578918457e-01
5.114704966545104980e-01
-1.883530244231224060e-02
0.000000000000000000e+00
0.000000000000000000e+00
0.000000000000000000e+00
0.000000000000000000e+00
0.000000000000000000e+00
0.000000000000000000e+00
0.000000000000000000e+00
0.000000000000000000e+00
0.000000000000000000e+00
0.000000000000000000e+00
0.000000000000000000e+00
0.000000000000000000e+00
0.000000000000000000e+00
0.000000000000000000e+00
0.000000000000000000e+00
0.000000000000000000e+00
0.000000000000000000e+00
0.000000000000000000e+00
0.000000000000000000e+00
0.000000000000000000e+00
0.000000000000000000e+00
0.000000000000000000e+00
0.000000000000000000e+00
0.000000000000000000e+00
0.000000000000000000e+00
0.000000000000000000e+00
0.000000000000000000e+00
0.000000000000000000e+00
0.000000000000000000e+00
0.000000000000000000e+00
0.000000000000000000e+00
0.000000000000000000e+00
0.000000000000000000e+00
0.000000000000000000e+00
0.000000000000000000e+00
0.000000000000000000e+00
0.000000000000000000e+00
0.000000000000000000e+00
0.000000000000000000e+00
0.000000000000000000e+00
0.000000000000000000e+00
0.000000000000000000e+00
0.000000000000000000e+00
0.000000000000000000e+00
0.000000000000000000e+00
0.000000000000000000e+00
0.000000000000000000e+00
0.000000000000000000e+00
0.000000000000000000e+00
0.000000000000000000e+00
0.000000000000000000e+00
0.000000000000000000e+00
0.000000000000000000e+00
0.000000000000000000e+00
0.000000000000000000e+00
0.000000000000000000e+00
0.000000000000000000e+00
0.000000000000000000e+00
0.000000000000000000e+00
0.000000000000000000e+00
0.000000000000000000e+00
0.000000000000000000e+00
0.000000000000000000e+00
