4.601127207279205322e-01
5.774233937263488770e-01
-9.740976025796044269e-08
4.963464140892028809e-01
5.498504042625427246e-01
-1.234003342688083649e-03
5.045761466026306152e-01
5.174883604049682617e-01
-4.486355930566787720e-03
5.080189704895019531e-01
4.917499423027038574e-01
-9.752474725246429443e-03
5.063606500625610352e-01
4.708253145217895508e-01
-1.252450328320264816e-02
4.510424137115478516e-01
4.496996402740478516e-01
3.681931877508759499e-03
4.927230775356292725e-01
4.264941811561584473e-01
-1.155251637101173401e-02
5.045444369316101074e-01
4.511633217334747314e-01
-2.238573692739009857e-02
5.019099116325378418e-01
4.764364361763000488e-01
-2.756932005286216736e-02
4.485357105731964111e-01
4.473635554313659668e-01
-1.632699859328567982e-03
5.013336539268493652e-01
4.282969236373901367e-01
-1.388554647564888000e-02
5.102823972702026367e-01
4.599753618240356445e-01
-1.671350561082363129e-02
5.038368701934814453e-01
4.836792647838592529e-01
-1.614265143871307373e-02
4.529556334018707275e-01
4.531833529472351074e-01
-9.125328622758388519e-03
5.077654123306274414e-01
4.470877051353454590e-01
-2.009296603500843048e-02
5.123335719108581543e-01
4.792962968349456787e-01
-1.829455606639385223e-02
5.033142566680908203e-01
5.005089640617370605e-01
-1.459324080497026443e-02
4.628681242465972900e-01
4.658519923686981201e-01
-1.744001917541027069e-02
5.066449642181396484e-01
4.721219837665557861e-01
-2.301944233477115631e-02
5.096166729927062988e-01
4.965238273143768311e-01
-2.130521833896636963e-02
5.016515851020812988e-01
5.116759538650512695e-01
-1.858090981841087341e-02
0.000000000000000000e+00
0.000000000000000000e+00
0.000000000000000000e+00
0.000000000000000000e+00
0.000000000000000000e+00
0.000000000000000000e+00
0.000000000000000000e+00
0.000000000000000000e+00
0.000000000000000000e+00
0.000000000000000000e+00
0.000000000000000000e+00
0.000000000000000000e+00
0.000000000000000000e+00
0.000000000000000000e+00
0.000000000000000000e+00
0.000000000000000000e+00
0.000000000000000000e+00
0.000000000000000000e+00
0.000000000000000000e+00
0.000000000000000000e+00
0.000000000000000000e+00
0.000000000000000000e+00
0.000000000000000000e+00
0.000000000000000000e+00
0.000000000000000000e+00
0.000000000000000000e+00
0.000000000000000000e+00
0.000000000000000000e+00
0.000000000000000000e+00
0.000000000000000000e+00
0.000000000000000000e+00
0.000000000000000000e+00
0.000000000000000000e+00
0.000000000000000000e+00
0.000000000000000000e+00
0.000000000000000000e+00
0.000000000000000000e+00
0.000000000000000000e+00
0.000000000000000000e+00
0.000000000000000000e+00
0.000000000000000000e+00
0.000000000000000000e+00
0.000000000000000000e+00
0.000000000000000000e+00
0.000000000000000000e+00
0.000000000000000000e+00
0.000000000000000000e+00
0.000000000000000000e+00
0.000000000000000000e+00
0.000000000000000000e+00
0.000000000000000000e+00
0.000000000000000000e+00
0.000000000000000000e+00
0.000000000000000000e+00
0.000000000000000000e+00
0.000000000000000000e+00
0.000000000000000000e+00
0.000000000000000000e+00
0.000000000000000000e+00
0.000000000000000000e+00
0.000000000000000000e+00
0.000000000000000000e+00
0.000000000000000000e+00
