4.597006440162658691e-01
5.773494243621826172e-01
-1.074287041546995169e-07
4.963531494140625000e-01
5.507207512855529785e-01
-9.027835330925881863e-04
5.051216483116149902e-01
5.207209587097167969e-01
-4.462952725589275360e-03
5.096464753150939941e-01
4.971121251583099365e-01
-1.060769706964492798e-02
5.081775784492492676e-01
4.787681400775909424e-01
-1.432902272790670395e-02
4.514136314392089844e-01
4.502803981304168701e-01
4.676266107708215714e-03
4.920626878738403320e-01
4.249866902828216553e-01
-1.097594946622848511e-02
5.038290023803710938e-01
4.495446383953094482e-01
-2.216538228094577789e-02
5.010586977005004883e-01
4.744990170001983643e-01
-2.759397774934768677e-02
4.493306279182434082e-01
4.487473666667938232e-01
-1.316050300374627113e-03
5.008803009986877441e-01
4.291072487831115723e-01
-1.410149130970239639e-02
5.096865892410278320e-01
4.615103304386138916e-01
-1.728962175548076630e-02
5.029683113098144531e-01
4.839106202125549316e-01
-1.702386885881423950e-02
4.540136158466339111e-01
4.545038342475891113e-01
-9.595959447324275970e-03
5.070163607597351074e-01
4.471307098865509033e-01
-2.052772045135498047e-02
5.114811658859252930e-01
4.790970087051391602e-01
-1.870818622410297394e-02
5.023882985115051270e-01
4.991248846054077148e-01
-1.518115680664777756e-02
4.640510082244873047e-01
4.667580723762512207e-01
-1.877144910395145416e-02
5.062929987907409668e-01
4.722836613655090332e-01
-2.372651919722557068e-02
5.086078047752380371e-01
4.958415329456329346e-01
-2.180534787476062775e-02
5.003094673156738281e-01
5.098416209220886230e-01
-1.922020502388477325e-02
0.000000000000000000e+00
0.000000000000000000e+00
0.000000000000000000e+00
0.000000000000000000e+00
0.000000000000000000e+00
0.000000000000000000e+00
0.000000000000000000e+00
0.000000000000000000e+00
0.000000000000000000e+00
0.000000000000000000e+00
0.000000000000000000e+00
0.000000000000000000e+00
0.000000000000000000e+00
0.000000000000000000e+00
0.000000000000000000e+00
0.000000000000000000e+00
0.000000000000000000e+00
0.000000000000000000e+00
0.000000000000000000e+00
0.000000000000000000e+00
0.000000000000000000e+00
0.000000000000000000e+00
0.000000000000000000e+00
0.000000000000000000e+00
0.000000000000000000e+00
0.000000000000000000e+00
0.000000000000000000e+00
0.000000000000000000e+00
0.000000000000000000e+00
0.000000000000000000e+00
0.000000000000000000e+00
0.000000000000000000e+00
0.000000000000000000e+00
0.000000000000000000e+00
0.000000000000000000e+00
0.000000000000000000e+00
0.000000000000000000e+00
0.000000000000000000e+00
0.000000000000000000e+00
0.000000000000000000e+00
0.000000000000000000e+00
0.000000000000000000e+00
0.000000000000000000e+00
0.000000000000000000e+00
0.000000000000000000e+00
0.000000000000000000e+00
0.000000000000000000e+00
0.000000000000000000e+00
0.000000000000000000e+00
0.000000000000000000e+00
0.000000000000000000e+00
0.000000000000000000e+00
0.000000000000000000e+00
0.000000000000000000e+00
0.000000000000000000e+00
0.000000000000000000e+00
0.000000000000000000e+00
0.000000000000000000e+00
0.000000000000000000e+00
0.000000000000000000e+00
0.000000000000000000e+00
0.000000000000000000e+00
0.000000000000000000e+00
