4.683873355388641357e-01
5.572135448455810547e-01
-7.302424620547753875e-08
4.941523969173431396e-01
5.370280742645263672e-01
-2.974360482767224312e-03
4.997774660587310791e-01
5.031067132949829102e-01
-5.412834696471691132e-03
5.030282735824584961e-01
4.726573824882507324e-01
-1.018488500267267227e-02
4.998475015163421631e-01
4.440728127956390381e-01
-1.246175076812505722e-02
4.587758779525756836e-01
4.506896138191223145e-01
8.119117468595504761e-03
4.850082695484161377e-01
4.254903793334960938e-01
-7.642306853085756302e-03
4.969188272953033447e-01
4.503193199634552002e-01
-1.944262161850929260e-02
4.929305315017700195e-01
4.762193262577056885e-01
-2.486494928598403931e-02
4.511881470680236816e-01
4.464913904666900635e-01
3.441324224695563316e-03
4.863581955432891846e-01
4.226203262805938721e-01
-1.113938260823488235e-02
4.986123442649841309e-01
4.541025757789611816e-01
-1.618499495089054108e-02
4.909837841987609863e-01
4.785924553871154785e-01
-1.657010614871978760e-02
4.449767768383026123e-01
4.461114108562469482e-01
-4.169968422502279282e-03
4.866147041320800781e-01
4.256787896156311035e-01
-1.884458959102630615e-02
4.937141537666320801e-01
4.606910347938537598e-01
-1.717063598334789276e-02
4.820101261138916016e-01
4.841812551021575928e-01
-1.232623215764760971e-02
4.406549632549285889e-01
4.506145715713500977e-01
-1.258526556193828583e-02
4.805837869644165039e-01
4.421078264713287354e-01
-2.234098501503467560e-02
4.855419695377349854e-01
4.668429791927337646e-01
-2.054407820105552673e-02
4.746269583702087402e-01
4.842574596405029297e-01
-1.686101406812667847e-02
0.000000000000000000e+00
0.000000000000000000e+00
0.000000000000000000e+00
0.000000000000000000e+00
0.000000000000000000e+00
0.000000000000000000e+00
0.000000000000000000e+00
0.000000000000000000e+00
0.000000000000000000e+00
0.000000000000000000e+00
0.000000000000000000e+00
0.000000000000000000e+00
0.000000000000000000e+00
0.000000000000000000e+00
0.000000000000000000e+00
0.000000000000000000e+00
0.000000000000000000e+00
0.000000000000000000e+00
0.000000000000000000e+00
0.000000000000000000e+00
0.000000000000000000e+00
0.000000000000000000e+00
0.000000000000000000e+00
0.000000000000000000e+00
0.000000000000000000e+00
0.000000000000000000e+00
0.000000000000000000e+00
0.000000000000000000e+00
0.000000000000000000e+00
0.000000000000000000e+00
0.000000000000000000e+00
0.000000000000000000e+00
0.000000000000000000e+00
0.000000000000000000e+00
0.000000000000000000e+00
0.000000000000000000e+00
0.000000000000000000e+00
0.000000000000000000e+00
0.000000000000000000e+00
0.000000000000000000e+00
0.000000000000000000e+00
0.000000000000000000e+00
0.000000000000000000e+00
0.000000000000000000e+00
0.000000000000000000e+00
0.000000000000000000e+00
0.000000000000000000e+00
0.000000000000000000e+00
0.000000000000000000e+00
0.000000000000000000e+00
0.000000000000000000e+00
0.000000000000000000e+00
0.000000000000000000e+00
0.000000000000000000e+00
0.000000000000000000e+00
0.000000000000000000e+00
0.000000000000000000e+00
0.000000000000000000e+00
0.000000000000000000e+00
0.000000000000000000e+00
0.000000000000000000e+00
0.000000000000000000e+00
0.000000000000000000e+00
