4.688368439674377441e-01
5.620315670967102051e-01
-1.496111110554920742e-07
4.975955784320831299e-01
5.416295528411865234e-01
9.013455564854666591e-05
5.045794248580932617e-01
5.083010792732238770e-01
-1.786469132639467716e-03
5.087663531303405762e-01
4.785023629665374756e-01
-6.925397086888551712e-03
5.066661834716796875e-01
4.536531865596771240e-01
-9.967678226530551910e-03
4.582765400409698486e-01
4.537710547447204590e-01
1.244980096817016602e-02
4.876383244991302490e-01
4.316437840461730957e-01
-4.107201471924781799e-03
5.000903010368347168e-01
4.538249373435974121e-01
-1.695608906447887421e-02
4.981665909290313721e-01
4.792487025260925293e-01
-2.336349338293075562e-02
4.503476917743682861e-01
4.489914476871490479e-01
5.361092276871204376e-03
4.885077178478240967e-01
4.224741756916046143e-01
-1.038083061575889587e-02
5.012637376785278320e-01
4.549940228462219238e-01
-1.593439467251300812e-02
4.946132898330688477e-01
4.802736341953277588e-01
-1.620448194444179535e-02
4.462596476078033447e-01
4.489487707614898682e-01
-4.686408210545778275e-03
4.895925223827362061e-01
4.286628961563110352e-01
-2.146826498210430145e-02
4.979524612426757812e-01
4.640806913375854492e-01
-2.120137959718704224e-02
4.873459935188293457e-01
4.871375262737274170e-01
-1.694438047707080841e-02
4.467901587486267090e-01
4.545772373676300049e-01
-1.519377343356609344e-02
4.885247051715850830e-01
4.501232504844665527e-01
-2.605852298438549042e-02
4.924376904964447021e-01
4.763731062412261963e-01
-2.550956979393959045e-02
4.805706739425659180e-01
4.930221736431121826e-01
-2.279734611511230469e-02
0.000000000000000000e+00
0.000000000000000000e+00
0.000000000000000000e+00
0.000000000000000000e+00
0.000000000000000000e+00
0.000000000000000000e+00
0.000000000000000000e+00
0.000000000000000000e+00
0.000000000000000000e+00
0.000000000000000000e+00
0.000000000000000000e+00
0.000000000000000000e+00
0.000000000000000000e+00
0.000000000000000000e+00
0.000000000000000000e+00
0.000000000000000000e+00
0.000000000000000000e+00
0.000000000000000000e+00
0.000000000000000000e+00
0.000000000000000000e+00
0.000000000000000000e+00
0.000000000000000000e+00
0.000000000000000000e+00
0.000000000000000000e+00
0.000000000000000000e+00
0.000000000000000000e+00
0.000000000000000000e+00
0.000000000000000000e+00
0.000000000000000000e+00
0.000000000000000000e+00
0.000000000000000000e+00
0.000000000000000000e+00
0.000000000000000000e+00
0.000000000000000000e+00
0.000000000000000000e+00
0.000000000000000000e+00
0.000000000000000000e+00
0.000000000000000000e+00
0.000000000000000000e+00
0.000000000000000000e+00
0.000000000000000000e+00
0.000000000000000000e+00
0.000000000000000000e+00
0.000000000000000000e+00
0.000000000000000000e+00
0.000000000000000000e+00
0.000000000000000000e+00
0.000000000000000000e+00
0.000000000000000000e+00
0.000000000000000000e+00
0.000000000000000000e+00
0.000000000000000000e+00
0.000000000000000000e+00
0.000000000000000000e+00
0.000000000000000000e+00
0.000000000000000000e+00
0.000000000000000000e+00
0.000000000000000000e+00
0.000000000000000000e+00
0.000000000000000000e+00
0.000000000000000000e+00
0.000000000000000000e+00
0.000000000000000000e+00
