4.692075848579406738e-01
5.614289045333862305e-01
-1.531840325696975924e-07
4.973386824131011963e-01
5.430854558944702148e-01
-1.800170430215075612e-04
5.048280954360961914e-01
5.098484158515930176e-01
-2.150828251615166664e-03
5.097559094429016113e-01
4.796578288078308105e-01
-7.266125176101922989e-03
5.080464482307434082e-01
4.546011984348297119e-01
-1.023857388645410538e-02
4.595457613468170166e-01
4.538869261741638184e-01
1.204099785536527634e-02
4.885764122009277344e-01
4.325282573699951172e-01
-4.414805211126804352e-03
5.006227493286132812e-01
4.559467136859893799e-01
-1.725617237389087677e-02
4.982023835182189941e-01
4.820884764194488525e-01
-2.371531724929809570e-02
4.515001475811004639e-01
4.488515555858612061e-01
5.115976091474294662e-03
4.888468384742736816e-01
4.229851663112640381e-01
-1.018667127937078476e-02
5.014334321022033691e-01
4.551595747470855713e-01
-1.565723307430744171e-02
4.948392510414123535e-01
4.800218641757965088e-01
-1.613061688840389252e-02
4.468460381031036377e-01
4.486545920372009277e-01
-4.784661345183849335e-03
4.893612861633300781e-01
4.283775389194488525e-01
-2.112113125622272491e-02
4.978070855140686035e-01
4.632528126239776611e-01
-2.078477852046489716e-02
4.874216616153717041e-01
4.858076274394989014e-01
-1.676820218563079834e-02
4.465823769569396973e-01
4.543823003768920898e-01
-1.520100701600313187e-02
4.879733622074127197e-01
4.505640566349029541e-01
-2.599462494254112244e-02
4.919118583202362061e-01
4.763915836811065674e-01
-2.562949061393737793e-02
4.802227318286895752e-01
4.924581646919250488e-01
-2.319883927702903748e-02
0.000000000000000000e+00
0.000000000000000000e+00
0.000000000000000000e+00
0.000000000000000000e+00
0.000000000000000000e+00
0.000000000000000000e+00
0.000000000000000000e+00
0.000000000000000000e+00
0.000000000000000000e+00
0.000000000000000000e+00
0.000000000000000000e+00
0.000000000000000000e+00
0.000000000000000000e+00
0.000000000000000000e+00
0.000000000000000000e+00
0.000000000000000000e+00
0.000000000000000000e+00
0.000000000000000000e+00
0.000000000000000000e+00
0.000000000000000000e+00
0.000000000000000000e+00
0.000000000000000000e+00
0.000000000000000000e+00
0.000000000000000000e+00
0.000000000000000000e+00
0.000000000000000000e+00
0.000000000000000000e+00
0.000000000000000000e+00
0.000000000000000000e+00
0.000000000000000000e+00
0.000000000000000000e+00
0.000000000000000000e+00
0.000000000000000000e+00
0.000000000000000000e+00
0.000000000000000000e+00
0.000000000000000000e+00
0.000000000000000000e+00
0.000000000000000000e+00
0.000000000000000000e+00
0.000000000000000000e+00
0.000000000000000000e+00
0.000000000000000000e+00
0.000000000000000000e+00
0.000000000000000000e+00
0.000000000000000000e+00
0.000000000000000000e+00
0.000000000000000000e+00
0.000000000000000000e+00
0.000000000000000000e+00
0.000000000000000000e+00
0.000000000000000000e+00
0.000000000000000000e+00
0.000000000000000000e+00
0.000000000000000000e+00
0.000000000000000000e+00
0.000000000000000000e+00
0.000000000000000000e+00
0.000000000000000000e+00
0.000000000000000000e+00
0.000000000000000000e+00
0.000000000000000000e+00
0.000000000000000000e+00
0.000000000000000000e+00
