4.651634991168975830e-01
5.793461799621582031e-01
-1.845123307475660113e-07
4.967851340770721436e-01
5.599993467330932617e-01
-2.364860614761710167e-03
5.041189193725585938e-01
5.297015309333801270e-01
-6.255360785871744156e-03
5.049507617950439453e-01
5.064387321472167969e-01
-1.257130317389965057e-02
4.975176453590393066e-01
4.905166923999786377e-01
-1.657528616487979889e-02
4.569973647594451904e-01
4.643855392932891846e-01
5.855068564414978027e-03
4.907462894916534424e-01
4.436959922313690186e-01
-1.040348410606384277e-02
5.014014840126037598e-01
4.732981622219085693e-01
-2.305679582059383392e-02
4.969100654125213623e-01
4.993728101253509521e-01
-3.015796653926372528e-02
4.505646526813507080e-01
4.611553549766540527e-01
-9.784868452697992325e-04
4.921717047691345215e-01
4.387114048004150391e-01
-1.491455174982547760e-02
5.027105808258056641e-01
4.730632901191711426e-01
-1.947094127535820007e-02
4.955295920372009277e-01
4.943583607673645020e-01
-2.055853791534900665e-02
4.485786855220794678e-01
4.625345766544342041e-01
-1.049250923097133636e-02
4.947199821472167969e-01
4.456463158130645752e-01
-2.378966845571994781e-02
5.008164644241333008e-01
4.812217950820922852e-01
-2.186079882085323334e-02
4.894824326038360596e-01
5.015391111373901367e-01
-1.845735684037208557e-02
4.510991275310516357e-01
4.698944687843322754e-01
-2.101005427539348602e-02
4.927675724029541016e-01
4.670015871524810791e-01
-2.927159704267978668e-02
4.965317547321319580e-01
4.940606653690338135e-01
-2.742219530045986176e-02
4.855384528636932373e-01
5.091977119445800781e-01
-2.489652857184410095e-02
0.000000000000000000e+00
0.000000000000000000e+00
0.000000000000000000e+00
0.000000000000000000e+00
0.000000000000000000e+00
0.000000000000000000e+00
0.000000000000000000e+00
0.000000000000000000e+00
0.000000000000000000e+00
0.000000000000000000e+00
0.000000000000000000e+00
0.000000000000000000e+00
0.000000000000000000e+00
0.000000000000000000e+00
0.000000000000000000e+00
0.000000000000000000e+00
0.000000000000000000e+00
0.000000000000000000e+00
0.000000000000000000e+00
0.000000000000000000e+00
0.000000000000000000e+00
0.000000000000000000e+00
0.000000000000000000e+00
0.000000000000000000e+00
0.000000000000000000e+00
0.000000000000000000e+00
0.000000000000000000e+00
0.000000000000000000e+00
0.000000000000000000e+00
0.000000000000000000e+00
0.000000000000000000e+00
0.000000000000000000e+00
0.000000000000000000e+00
0.000000000000000000e+00
0.000000000000000000e+00
0.000000000000000000e+00
0.000000000000000000e+00
0.000000000000000000e+00
0.000000000000000000e+00
0.000000000000000000e+00
0.000000000000000000e+00
0.000000000000000000e+00
0.000000000000000000e+00
0.000000000000000000e+00
0.000000000000000000e+00
0.000000000000000000e+00
0.000000000000000000e+00
0.000000000000000000e+00
0.000000000000000000e+00
0.000000000000000000e+00
0.000000000000000000e+00
0.000000000000000000e+00
0.000000000000000000e+00
0.000000000000000000e+00
0.000000000000000000e+00
0.000000000000000000e+00
0.000000000000000000e+00
0.000000000000000000e+00
0.000000000000000000e+00
0.000000000000000000e+00
0.000000000000000000e+00
0.000000000000000000e+00
0.000000000000000000e+00
