4.657475352287292480e-01
5.834384560585021973e-01
-1.526065034340717830e-07
4.981799125671386719e-01
5.602121353149414062e-01
-7.745781913399696350e-04
5.044243931770324707e-01
5.301811099052429199e-01
-4.178451374173164368e-03
5.092726945877075195e-01
5.072928071022033691e-01
-1.018150802701711655e-02
5.082553029060363770e-01
4.885718822479248047e-01
-1.350139733403921127e-02
4.532437920570373535e-01
4.629951417446136475e-01
7.049683481454849243e-03
4.931070208549499512e-01
4.429160654544830322e-01
-8.635715581476688385e-03
5.018423199653625488e-01
4.718797802925109863e-01
-2.078706771135330200e-02
4.944058060646057129e-01
4.956963360309600830e-01
-2.785183303058147430e-02
4.481218159198760986e-01
4.611263871192932129e-01
-8.606046321801841259e-05
4.970934689044952393e-01
4.406720101833343506e-01
-1.393762417137622833e-02
5.044952034950256348e-01
4.745351970195770264e-01
-1.782888546586036682e-02
4.945822060108184814e-01
4.957295656204223633e-01
-1.865507289767265320e-02
4.486005008220672607e-01
4.640261828899383545e-01
-9.877829812467098236e-03
5.004023909568786621e-01
4.532277584075927734e-01
-2.196559123694896698e-02
5.038062334060668945e-01
4.859896898269653320e-01
-2.024899609386920929e-02
4.905166923999786377e-01
5.039017796516418457e-01
-1.737138070166110992e-02
4.548243284225463867e-01
4.719620347023010254e-01
-2.071228623390197754e-02
5.002923011779785156e-01
4.730180501937866211e-01
-2.742125838994979858e-02
5.020146369934082031e-01
4.972344934940338135e-01
-2.623631060123443604e-02
4.888492822647094727e-01
5.095070004463195801e-01
-2.470666915178298950e-02
0.000000000000000000e+00
0.000000000000000000e+00
0.000000000000000000e+00
0.000000000000000000e+00
0.000000000000000000e+00
0.000000000000000000e+00
0.000000000000000000e+00
0.000000000000000000e+00
0.000000000000000000e+00
0.000000000000000000e+00
0.000000000000000000e+00
0.000000000000000000e+00
0.000000000000000000e+00
0.000000000000000000e+00
0.000000000000000000e+00
0.000000000000000000e+00
0.000000000000000000e+00
0.000000000000000000e+00
0.000000000000000000e+00
0.000000000000000000e+00
0.000000000000000000e+00
0.000000000000000000e+00
0.000000000000000000e+00
0.000000000000000000e+00
0.000000000000000000e+00
0.000000000000000000e+00
0.000000000000000000e+00
0.000000000000000000e+00
0.000000000000000000e+00
0.000000000000000000e+00
0.000000000000000000e+00
0.000000000000000000e+00
0.000000000000000000e+00
0.000000000000000000e+00
0.000000000000000000e+00
0.000000000000000000e+00
0.000000000000000000e+00
0.000000000000000000e+00
0.000000000000000000e+00
0.000000000000000000e+00
0.000000000000000000e+00
0.000000000000000000e+00
0.000000000000000000e+00
0.000000000000000000e+00
0.000000000000000000e+00
0.000000000000000000e+00
0.000000000000000000e+00
0.000000000000000000e+00
0.000000000000000000e+00
0.000000000000000000e+00
0.000000000000000000e+00
0.000000000000000000e+00
0.000000000000000000e+00
0.000000000000000000e+00
0.000000000000000000e+00
0.000000000000000000e+00
0.000000000000000000e+00
0.000000000000000000e+00
0.000000000000000000e+00
0.000000000000000000e+00
0.000000000000000000e+00
0.000000000000000000e+00
0.000000000000000000e+00
