4.640347361564636230e-01
5.730304718017578125e-01
-1.285936548356403364e-07
4.963401556015014648e-01
5.503376722335815430e-01
-1.067680190317332745e-03
5.030917525291442871e-01
5.215100646018981934e-01
-4.320798907428979874e-03
5.047868490219116211e-01
5.003571510314941406e-01
-1.022321078926324844e-02
5.003991723060607910e-01
4.820513725280761719e-01
-1.349364966154098511e-02
4.514620900154113770e-01
4.590319693088531494e-01
8.300977759063243866e-03
4.869420826435089111e-01
4.384672641754150391e-01
-6.456923671066761017e-03
4.970979392528533936e-01
4.661485552787780762e-01
-1.861678250133991241e-02
4.932780265808105469e-01
4.924526810646057129e-01
-2.543780393898487091e-02
4.468323886394500732e-01
4.556930065155029297e-01
1.891435240395367146e-03
4.895313978195190430e-01
4.337747395038604736e-01
-1.099091209471225739e-02
4.992335736751556396e-01
4.663597941398620605e-01
-1.572869345545768738e-02
4.940226972103118896e-01
4.915967881679534912e-01
-1.670700497925281525e-02
4.471795558929443359e-01
4.563916921615600586e-01
-7.057929877191781998e-03
4.928162693977355957e-01
4.403297901153564453e-01
-1.763143949210643768e-02
4.987797737121582031e-01
4.717320799827575684e-01
-1.597334258258342743e-02
4.900152683258056641e-01
4.933026432991027832e-01
-1.287990063428878784e-02
4.527829885482788086e-01
4.617938101291656494e-01
-1.711193285882472992e-02
4.935508668422698975e-01
4.604225158691406250e-01
-2.232816256582736969e-02
4.969163537025451660e-01
4.830750524997711182e-01
-2.067076787352561951e-02
4.876226782798767090e-01
4.970889687538146973e-01
-1.860268972814083099e-02
0.000000000000000000e+00
0.000000000000000000e+00
0.000000000000000000e+00
0.000000000000000000e+00
0.000000000000000000e+00
0.000000000000000000e+00
0.000000000000000000e+00
0.000000000000000000e+00
0.000000000000000000e+00
0.000000000000000000e+00
0.000000000000000000e+00
0.000000000000000000e+00
0.000000000000000000e+00
0.000000000000000000e+00
0.000000000000000000e+00
0.000000000000000000e+00
0.000000000000000000e+00
0.000000000000000000e+00
0.000000000000000000e+00
0.000000000000000000e+00
0.000000000000000000e+00
0.000000000000000000e+00
0.000000000000000000e+00
0.000000000000000000e+00
0.000000000000000000e+00
0.000000000000000000e+00
0.000000000000000000e+00
0.000000000000000000e+00
0.000000000000000000e+00
0.000000000000000000e+00
0.000000000000000000e+00
0.000000000000000000e+00
0.000000000000000000e+00
0.000000000000000000e+00
0.000000000000000000e+00
0.000000000000000000e+00
0.000000000000000000e+00
0.000000000000000000e+00
0.000000000000000000e+00
0.000000000000000000e+00
0.000000000000000000e+00
0.000000000000000000e+00
0.000000000000000000e+00
0.000000000000000000e+00
0.000000000000000000e+00
0.000000000000000000e+00
0.000000000000000000e+00
0.000000000000000000e+00
0.000000000000000000e+00
0.000000000000000000e+00
0.000000000000000000e+00
0.000000000000000000e+00
0.000000000000000000e+00
0.000000000000000000e+00
0.000000000000000000e+00
0.000000000000000000e+00
0.000000000000000000e+00
0.000000000000000000e+00
0.000000000000000000e+00
0.000000000000000000e+00
0.000000000000000000e+00
0.000000000000000000e+00
0.000000000000000000e+00
