4.651781022548675537e-01
5.715534687042236328e-01
-1.541219205591914942e-07
4.978136122226715088e-01
5.489565730094909668e-01
-2.470402396284043789e-04
5.041465759277343750e-01
5.197237730026245117e-01
-2.633475000038743019e-03
5.071040987968444824e-01
4.974747598171234131e-01
-8.207959122955799103e-03
5.042935609817504883e-01
4.792458117008209229e-01
-1.124951336532831192e-02
4.526755511760711670e-01
4.571492075920104980e-01
1.027769315987825394e-02
4.889802038669586182e-01
4.350202977657318115e-01
-4.472046624869108200e-03
4.993506669998168945e-01
4.622200429439544678e-01
-1.621230132877826691e-02
4.940566420555114746e-01
4.867422878742218018e-01
-2.278893813490867615e-02
4.476148486137390137e-01
4.536670148372650146e-01
3.315374953672289848e-03
4.922558665275573730e-01
4.299399554729461670e-01
-9.781687520444393158e-03
5.019456744194030762e-01
4.622195363044738770e-01
-1.424572709947824478e-02
4.944421350955963135e-01
4.853577017784118652e-01
-1.513294596225023270e-02
4.477917551994323730e-01
4.532466232776641846e-01
-6.360741797834634781e-03
4.952301979064941406e-01
4.369187951087951660e-01
-1.796090789139270782e-02
5.012338161468505859e-01
4.684281945228576660e-01
-1.686824671924114227e-02
4.909302294254302979e-01
4.885485470294952393e-01
-1.397367753088474274e-02
4.533648192882537842e-01
4.575676918029785156e-01
-1.704411394894123077e-02
4.958193004131317139e-01
4.564117193222045898e-01
-2.294894494116306305e-02
4.993971586227416992e-01
4.785343110561370850e-01
-2.180313877761363983e-02
4.889692664146423340e-01
4.915675818920135498e-01
-2.007960528135299683e-02
0.000000000000000000e+00
0.000000000000000000e+00
0.000000000000000000e+00
0.000000000000000000e+00
0.000000000000000000e+00
0.000000000000000000e+00
0.000000000000000000e+00
0.000000000000000000e+00
0.000000000000000000e+00
0.000000000000000000e+00
0.000000000000000000e+00
0.000000000000000000e+00
0.000000000000000000e+00
0.000000000000000000e+00
0.000000000000000000e+00
0.000000000000000000e+00
0.000000000000000000e+00
0.000000000000000000e+00
0.000000000000000000e+00
0.000000000000000000e+00
0.000000000000000000e+00
0.000000000000000000e+00
0.000000000000000000e+00
0.000000000000000000e+00
0.000000000000000000e+00
0.000000000000000000e+00
0.000000000000000000e+00
0.000000000000000000e+00
0.000000000000000000e+00
0.000000000000000000e+00
0.000000000000000000e+00
0.000000000000000000e+00
0.000000000000000000e+00
0.000000000000000000e+00
0.000000000000000000e+00
0.000000000000000000e+00
0.000000000000000000e+00
0.000000000000000000e+00
0.000000000000000000e+00
0.000000000000000000e+00
0.000000000000000000e+00
0.000000000000000000e+00
0.000000000000000000e+00
0.000000000000000000e+00
0.000000000000000000e+00
0.000000000000000000e+00
0.000000000000000000e+00
0.000000000000000000e+00
0.000000000000000000e+00
0.000000000000000000e+00
0.000000000000000000e+00
0.000000000000000000e+00
0.000000000000000000e+00
0.000000000000000000e+00
0.000000000000000000e+00
0.000000000000000000e+00
0.000000000000000000e+00
0.000000000000000000e+00
0.000000000000000000e+00
0.000000000000000000e+00
0.000000000000000000e+00
0.000000000000000000e+00
0.000000000000000000e+00
