4.650044441223144531e-01
5.704711079597473145e-01
-1.511432685674662935e-07
4.979237318038940430e-01
5.478110909461975098e-01
-3.528699744492769241e-04
5.047500729560852051e-01
5.167844295501708984e-01
-3.132229903712868690e-03
5.093634724617004395e-01
4.935823678970336914e-01
-8.645104244351387024e-03
5.097312927246093750e-01
4.728265404701232910e-01
-1.146046165376901627e-02
4.507387578487396240e-01
4.567404389381408691e-01
8.541831746697425842e-03
4.890547692775726318e-01
4.362195134162902832e-01
-6.659394130110740662e-03
4.988219738006591797e-01
4.639920592308044434e-01
-1.863732188940048218e-02
4.932132661342620850e-01
4.888688921928405762e-01
-2.558251842856407166e-02
4.456521868705749512e-01
4.525233209133148193e-01
1.552307163365185261e-03
4.916191101074218750e-01
4.288122355937957764e-01
-1.178649626672267914e-02
5.010597109794616699e-01
4.621244966983795166e-01
-1.595980115234851837e-02
4.932597875595092773e-01
4.846904277801513672e-01
-1.675934717059135437e-02
4.462507665157318115e-01
4.525103569030761719e-01
-8.001055568456649780e-03
4.950524270534515381e-01
4.351899623870849609e-01
-1.979202777147293091e-02
5.012052655220031738e-01
4.680956900119781494e-01
-1.786653883755207062e-02
4.904304444789886475e-01
4.873557090759277344e-01
-1.469702366739511490e-02
4.527889192104339600e-01
4.574065804481506348e-01
-1.854282990097999573e-02
4.958624243736267090e-01
4.574984312057495117e-01
-2.503922954201698303e-02
4.992027580738067627e-01
4.809308350086212158e-01
-2.376705408096313477e-02
4.884923994541168213e-01
4.928125441074371338e-01
-2.205355279147624969e-02
0.000000000000000000e+00
0.000000000000000000e+00
0.000000000000000000e+00
0.000000000000000000e+00
0.000000000000000000e+00
0.000000000000000000e+00
0.000000000000000000e+00
0.000000000000000000e+00
0.000000000000000000e+00
0.000000000000000000e+00
0.000000000000000000e+00
0.000000000000000000e+00
0.000000000000000000e+00
0.000000000000000000e+00
0.000000000000000000e+00
0.000000000000000000e+00
0.000000000000000000e+00
0.000000000000000000e+00
0.000000000000000000e+00
0.000000000000000000e+00
0.000000000000000000e+00
0.000000000000000000e+00
0.000000000000000000e+00
0.000000000000000000e+00
0.000000000000000000e+00
0.000000000000000000e+00
0.000000000000000000e+00
0.000000000000000000e+00
0.000000000000000000e+00
0.000000000000000000e+00
0.000000000000000000e+00
0.000000000000000000e+00
0.000000000000000000e+00
0.000000000000000000e+00
0.000000000000000000e+00
0.000000000000000000e+00
0.000000000000000000e+00
0.000000000000000000e+00
0.000000000000000000e+00
0.000000000000000000e+00
0.000000000000000000e+00
0.000000000000000000e+00
0.000000000000000000e+00
0.000000000000000000e+00
0.000000000000000000e+00
0.000000000000000000e+00
0.000000000000000000e+00
0.000000000000000000e+00
0.000000000000000000e+00
0.000000000000000000e+00
0.000000000000000000e+00
0.000000000000000000e+00
0.000000000000000000e+00
0.000000000000000000e+00
0.000000000000000000e+00
0.000000000000000000e+00
0.000000000000000000e+00
0.000000000000000000e+00
0.000000000000000000e+00
0.000000000000000000e+00
0.000000000000000000e+00
0.000000000000000000e+00
0.000000000000000000e+00
