4.632888734340667725e-01
5.773808956146240234e-01
-1.176963593252366991e-07
4.964688420295715332e-01
5.574405789375305176e-01
-2.725499914959073067e-03
5.048583745956420898e-01
5.284560322761535645e-01
-7.195567246526479721e-03
5.100262165069580078e-01
5.040749907493591309e-01
-1.392575819045305252e-02
5.076969861984252930e-01
4.828628897666931152e-01
-1.808019727468490601e-02
4.538858830928802490e-01
4.642283618450164795e-01
4.727180115878582001e-03
4.880729317665100098e-01
4.418868422508239746e-01
-1.114523503929376602e-02
5.016823410987854004e-01
4.662150740623474121e-01
-2.352984622120857239e-02
5.003150701522827148e-01
4.917964041233062744e-01
-3.051137737929821014e-02
4.490863978862762451e-01
4.601570367813110352e-01
-1.534079434350132942e-03
4.907208383083343506e-01
4.336418211460113525e-01
-1.508109271526336670e-02
5.047357082366943359e-01
4.629145860671997070e-01
-1.958786882460117340e-02
5.006043910980224609e-01
4.853383600711822510e-01
-2.060552127659320831e-02
4.498739838600158691e-01
4.611735641956329346e-01
-1.039079111069440842e-02
4.958235025405883789e-01
4.404745995998382568e-01
-2.335370704531669617e-02
5.052108764648437500e-01
4.715026021003723145e-01
-2.161523886024951935e-02
4.968372881412506104e-01
4.921648502349853516e-01
-1.832053437829017639e-02
4.566378295421600342e-01
4.680279791355133057e-01
-2.030888944864273071e-02
4.980954229831695557e-01
4.657907187938690186e-01
-2.888549678027629852e-02
5.024371743202209473e-01
4.889275133609771729e-01
-2.809754945337772369e-02
4.926148056983947754e-01
5.032101273536682129e-01
-2.621812373399734497e-02
0.000000000000000000e+00
0.000000000000000000e+00
0.000000000000000000e+00
0.000000000000000000e+00
0.000000000000000000e+00
0.000000000000000000e+00
0.000000000000000000e+00
0.000000000000000000e+00
0.000000000000000000e+00
0.000000000000000000e+00
0.000000000000000000e+00
0.000000000000000000e+00
0.000000000000000000e+00
0.000000000000000000e+00
0.000000000000000000e+00
0.000000000000000000e+00
0.000000000000000000e+00
0.000000000000000000e+00
0.000000000000000000e+00
0.000000000000000000e+00
0.000000000000000000e+00
0.000000000000000000e+00
0.000000000000000000e+00
0.000000000000000000e+00
0.000000000000000000e+00
0.000000000000000000e+00
0.000000000000000000e+00
0.000000000000000000e+00
0.000000000000000000e+00
0.000000000000000000e+00
0.000000000000000000e+00
0.000000000000000000e+00
0.000000000000000000e+00
0.000000000000000000e+00
0.000000000000000000e+00
0.000000000000000000e+00
0.000000000000000000e+00
0.000000000000000000e+00
0.000000000000000000e+00
0.000000000000000000e+00
0.000000000000000000e+00
0.000000000000000000e+00
0.000000000000000000e+00
0.000000000000000000e+00
0.000000000000000000e+00
0.000000000000000000e+00
0.000000000000000000e+00
0.000000000000000000e+00
0.000000000000000000e+00
0.000000000000000000e+00
0.000000000000000000e+00
0.000000000000000000e+00
0.000000000000000000e+00
0.000000000000000000e+00
0.000000000000000000e+00
0.000000000000000000e+00
0.000000000000000000e+00
0.000000000000000000e+00
0.000000000000000000e+00
0.000000000000000000e+00
0.000000000000000000e+00
0.000000000000000000e+00
0.000000000000000000e+00
