4.632607698440551758e-01
5.821307897567749023e-01
-1.663172497501363978e-07
5.012451410293579102e-01
5.536776185035705566e-01
-2.326031099073588848e-04
5.076726675033569336e-01
5.237924456596374512e-01
-4.681800492107868195e-03
5.091100931167602539e-01
5.001138448715209961e-01
-1.416534651070833206e-02
5.056411623954772949e-01
4.780468642711639404e-01
-2.153809368610382080e-02
4.568907320499420166e-01
4.605362415313720703e-01
1.042356342077255249e-02
4.866963028907775879e-01
4.201982915401458740e-01
-7.284382823854684830e-03
5.009436011314392090e-01
4.286853969097137451e-01
-2.002140693366527557e-02
4.987602531909942627e-01
4.428871273994445801e-01
-2.667648904025554657e-02
4.511559903621673584e-01
4.587146341800689697e-01
1.347097917459905148e-03
4.981569051742553711e-01
4.284687936305999756e-01
-1.945830509066581726e-02
5.097573995590209961e-01
4.649659693241119385e-01
-2.618782781064510345e-02
4.997034370899200439e-01
4.903272688388824463e-01
-2.614291384816169739e-02
4.514635801315307617e-01
4.590420424938201904e-01
-1.071060635149478912e-02
5.016252994537353516e-01
4.396497905254364014e-01
-2.912881784141063690e-02
5.080619454383850098e-01
4.752444028854370117e-01
-2.908954396843910217e-02
4.953656196594238281e-01
4.965196549892425537e-01
-2.467348054051399231e-02
4.577523171901702881e-01
4.622793793678283691e-01
-2.364639751613140106e-02
5.025635957717895508e-01
4.597763717174530029e-01
-3.302207216620445251e-02
5.056313872337341309e-01
4.843204021453857422e-01
-3.192103654146194458e-02
4.934044182300567627e-01
4.983348250389099121e-01
-2.919911779463291168e-02
4.653523564338684082e-01
5.717592835426330566e-01
-1.680170242934764246e-07
4.963454604148864746e-01
5.524973273277282715e-01
-2.228335069958120584e-04
5.023392438888549805e-01
5.249531269073486328e-01
-3.489129710942506790e-03
5.050477981567382812e-01
5.054003596305847168e-01
-9.251041337847709656e-03
5.013881921768188477e-01
4.872379004955291748e-01
-1.242050435394048691e-02
4.509751200675964355e-01
4.678453207015991211e-01
5.313462112098932266e-03
4.891150295734405518e-01
4.484691023826599121e-01
-9.624181315302848816e-03
4.968335032463073730e-01
4.772406518459320068e-01
-2.137727476656436920e-02
4.887778162956237793e-01
5.000072121620178223e-01
-2.872281894087791443e-02
4.472963809967041016e-01
4.625870883464813232e-01
-1.935114618390798569e-03
4.927282631397247314e-01
4.439493119716644287e-01
-1.507659815251827240e-02
4.996697306632995605e-01
4.769073724746704102e-01
-1.970654912292957306e-02
4.901044666767120361e-01
4.961000382900238037e-01
-2.146505936980247498e-02
4.493457674980163574e-01
4.603727459907531738e-01
-1.126808393746614456e-02
4.968482851982116699e-01
4.473170638084411621e-01
-2.219375222921371460e-02
5.007597208023071289e-01
4.803855717182159424e-01
-2.032203227281570435e-02
4.883621037006378174e-01
4.975952804088592529e-01
-1.797402463853359222e-02
4.573942124843597412e-01
4.621303677558898926e-01
-2.158252149820327759e-02
4.982339739799499512e-01
4.661334156990051270e-01
-2.830090373754501343e-02
5.001170635223388672e-01
4.898878335952758789e-01
-2.740158326923847198e-02
4.886772930622100830e-01
5.004395246505737305e-01
-2.616268396377563477e-02
