4.654927551746368408e-01
5.638393759727478027e-01
-1.223554448870345368e-07
4.963040649890899658e-01
5.474735498428344727e-01
-1.434848178178071976e-03
5.044368505477905273e-01
5.183576941490173340e-01
-4.551186226308345795e-03
5.087425112724304199e-01
4.951323270797729492e-01
-9.903661906719207764e-03
5.064797401428222656e-01
4.749157130718231201e-01
-1.254579238593578339e-02
4.544708132743835449e-01
4.618797004222869873e-01
6.821631453931331635e-03
4.881715774536132812e-01
4.413271546363830566e-01
-8.106296882033348083e-03
4.994058609008789062e-01
4.666315317153930664e-01
-2.071735076606273651e-02
4.963355660438537598e-01
4.937541782855987549e-01
-2.790304459631443024e-02
4.489616453647613525e-01
4.559302031993865967e-01
6.642675725743174553e-04
4.890293776988983154e-01
4.344089329242706299e-01
-1.175831351429224014e-02
5.004824399948120117e-01
4.637925624847412109e-01
-1.740421913564205170e-02
4.951470196247100830e-01
4.864001870155334473e-01
-1.941103860735893250e-02
4.492011666297912598e-01
4.545254111289978027e-01
-7.797481026500463486e-03
4.923419952392578125e-01
4.353264570236206055e-01
-1.881294883787631989e-02
4.996633827686309814e-01
4.659155905246734619e-01
-1.738096401095390320e-02
4.899935722351074219e-01
4.858677685260772705e-01
-1.477973256260156631e-02
4.547578394412994385e-01
4.580073058605194092e-01
-1.724995486438274384e-02
4.943743050098419189e-01
4.580341577529907227e-01
-2.458468452095985413e-02
4.982309341430664062e-01
4.804363548755645752e-01
-2.360953763127326965e-02
4.884990155696868896e-01
4.932573139667510986e-01
-2.177505008876323700e-02
0.000000000000000000e+00
0.000000000000000000e+00
0.000000000000000000e+00
0.000000000000000000e+00
0.000000000000000000e+00
0.000000000000000000e+00
0.000000000000000000e+00
0.000000000000000000e+00
0.000000000000000000e+00
0.000000000000000000e+00
0.000000000000000000e+00
0.000000000000000000e+00
0.000000000000000000e+00
0.000000000000000000e+00
0.000000000000000000e+00
0.000000000000000000e+00
0.000000000000000000e+00
0.000000000000000000e+00
0.000000000000000000e+00
0.000000000000000000e+00
0.000000000000000000e+00
0.000000000000000000e+00
0.000000000000000000e+00
0.000000000000000000e+00
0.000000000000000000e+00
0.000000000000000000e+00
0.000000000000000000e+00
0.000000000000000000e+00
0.000000000000000000e+00
0.000000000000000000e+00
0.000000000000000000e+00
0.000000000000000000e+00
0.000000000000000000e+00
0.000000000000000000e+00
0.000000000000000000e+00
0.000000000000000000e+00
0.000000000000000000e+00
0.000000000000000000e+00
0.000000000000000000e+00
0.000000000000000000e+00
0.000000000000000000e+00
0.000000000000000000e+00
0.000000000000000000e+00
0.000000000000000000e+00
0.000000000000000000e+00
0.000000000000000000e+00
0.000000000000000000e+00
0.000000000000000000e+00
0.000000000000000000e+00
0.000000000000000000e+00
0.000000000000000000e+00
0.000000000000000000e+00
0.000000000000000000e+00
0.000000000000000000e+00
0.000000000000000000e+00
0.000000000000000000e+00
0.000000000000000000e+00
0.000000000000000000e+00
0.000000000000000000e+00
0.000000000000000000e+00
0.000000000000000000e+00
0.000000000000000000e+00
0.000000000000000000e+00
