4.615510404109954834e-01
5.741148591041564941e-01
-1.413127108662592946e-07
4.946092367172241211e-01
5.557275414466857910e-01
-3.509947564452886581e-04
5.021389722824096680e-01
5.258942246437072754e-01
-3.331307321786880493e-03
5.041683912277221680e-01
5.047169327735900879e-01
-8.951272815465927124e-03
4.997351169586181641e-01
4.884812831878662109e-01
-1.189601328223943710e-02
4.562023282051086426e-01
4.640115499496459961e-01
7.722542621195316315e-03
4.893535375595092773e-01
4.445767104625701904e-01
-7.471070624887943268e-03
4.984861910343170166e-01
4.725746810436248779e-01
-1.940859481692314148e-02
4.937198758125305176e-01
4.989064037799835205e-01
-2.623518370091915131e-02
4.493043720722198486e-01
4.596810340881347656e-01
4.883794463239610195e-04
4.899855256080627441e-01
4.353284537792205811e-01
-1.341069769114255905e-02
4.999639093875885010e-01
4.687931537628173828e-01
-1.816360466182231903e-02
4.939506947994232178e-01
4.936740100383758545e-01
-1.880211196839809418e-02
4.476512372493743896e-01
4.590105414390563965e-01
-9.176500141620635986e-03
4.933472275733947754e-01
4.415203034877777100e-01
-2.160989306867122650e-02
4.992591440677642822e-01
4.762164950370788574e-01
-2.005226351320743561e-02
4.883840978145599365e-01
4.974985718727111816e-01
-1.658965647220611572e-02
4.518858194351196289e-01
4.630275964736938477e-01
-1.979540474712848663e-02
4.953144788742065430e-01
4.634408354759216309e-01
-2.735429070889949799e-02
4.981960058212280273e-01
4.877580106258392334e-01
-2.669263072311878204e-02
4.863556027412414551e-01
5.010969042778015137e-01
-2.504500932991504669e-02
0.000000000000000000e+00
0.000000000000000000e+00
0.000000000000000000e+00
0.000000000000000000e+00
0.000000000000000000e+00
0.000000000000000000e+00
0.000000000000000000e+00
0.000000000000000000e+00
0.000000000000000000e+00
0.000000000000000000e+00
0.000000000000000000e+00
0.000000000000000000e+00
0.000000000000000000e+00
0.000000000000000000e+00
0.000000000000000000e+00
0.000000000000000000e+00
0.000000000000000000e+00
0.000000000000000000e+00
0.000000000000000000e+00
0.000000000000000000e+00
0.000000000000000000e+00
0.000000000000000000e+00
0.000000000000000000e+00
0.000000000000000000e+00
0.000000000000000000e+00
0.000000000000000000e+00
0.000000000000000000e+00
0.000000000000000000e+00
0.000000000000000000e+00
0.000000000000000000e+00
0.000000000000000000e+00
0.000000000000000000e+00
0.000000000000000000e+00
0.000000000000000000e+00
0.000000000000000000e+00
0.000000000000000000e+00
0.000000000000000000e+00
0.000000000000000000e+00
0.000000000000000000e+00
0.000000000000000000e+00
0.000000000000000000e+00
0.000000000000000000e+00
0.000000000000000000e+00
0.000000000000000000e+00
0.000000000000000000e+00
0.000000000000000000e+00
0.000000000000000000e+00
0.000000000000000000e+00
0.000000000000000000e+00
0.000000000000000000e+00
0.000000000000000000e+00
0.000000000000000000e+00
0.000000000000000000e+00
0.000000000000000000e+00
0.000000000000000000e+00
0.000000000000000000e+00
0.000000000000000000e+00
0.000000000000000000e+00
0.000000000000000000e+00
0.000000000000000000e+00
0.000000000000000000e+00
0.000000000000000000e+00
0.000000000000000000e+00
