4.613182842731475830e-01
5.826290249824523926e-01
-1.339877115924537065e-07
4.942968189716339111e-01
5.612791776657104492e-01
-8.269718964584171772e-04
5.033284425735473633e-01
5.278858542442321777e-01
-3.599256509914994240e-03
5.089331269264221191e-01
5.018235445022583008e-01
-8.485776372253894806e-03
5.080843567848205566e-01
4.788273572921752930e-01
-1.071786694228649139e-02
4.504225552082061768e-01
4.668101966381072998e-01
7.894090376794338226e-03
4.886235594749450684e-01
4.484322071075439453e-01
-6.969327107071876526e-03
5.012239217758178711e-01
4.720051586627960205e-01
-1.944699138402938843e-02
5.002401471138000488e-01
4.966807961463928223e-01
-2.681380696594715118e-02
4.457580745220184326e-01
4.625138342380523682e-01
1.544523052871227264e-03
4.904517829418182373e-01
4.429107308387756348e-01
-1.077502593398094177e-02
5.020860433578491211e-01
4.704263806343078613e-01
-1.584187336266040802e-02
4.981127083301544189e-01
4.913626015186309814e-01
-1.781485602259635925e-02
4.470315277576446533e-01
4.638333916664123535e-01
-7.250876631587743759e-03
4.960768222808837891e-01
4.505290091037750244e-01
-1.827407442033290863e-02
5.024238824844360352e-01
4.798302948474884033e-01
-1.714924909174442291e-02
4.925220310688018799e-01
4.984321296215057373e-01
-1.494824886322021484e-02
4.540402293205261230e-01
4.706623256206512451e-01
-1.704154536128044128e-02
4.970475435256958008e-01
4.718406796455383301e-01
-2.408374845981597900e-02
4.995231032371520996e-01
4.942898154258728027e-01
-2.372724935412406921e-02
4.885791540145874023e-01
5.069851875305175781e-01
-2.260425128042697906e-02
0.000000000000000000e+00
0.000000000000000000e+00
0.000000000000000000e+00
0.000000000000000000e+00
0.000000000000000000e+00
0.000000000000000000e+00
0.000000000000000000e+00
0.000000000000000000e+00
0.000000000000000000e+00
0.000000000000000000e+00
0.000000000000000000e+00
0.000000000000000000e+00
0.000000000000000000e+00
0.000000000000000000e+00
0.000000000000000000e+00
0.000000000000000000e+00
0.000000000000000000e+00
0.000000000000000000e+00
0.000000000000000000e+00
0.000000000000000000e+00
0.000000000000000000e+00
0.000000000000000000e+00
0.000000000000000000e+00
0.000000000000000000e+00
0.000000000000000000e+00
0.000000000000000000e+00
0.000000000000000000e+00
0.000000000000000000e+00
0.000000000000000000e+00
0.000000000000000000e+00
0.000000000000000000e+00
0.000000000000000000e+00
0.000000000000000000e+00
0.000000000000000000e+00
0.000000000000000000e+00
0.000000000000000000e+00
0.000000000000000000e+00
0.000000000000000000e+00
0.000000000000000000e+00
0.000000000000000000e+00
0.000000000000000000e+00
0.000000000000000000e+00
0.000000000000000000e+00
0.000000000000000000e+00
0.000000000000000000e+00
0.000000000000000000e+00
0.000000000000000000e+00
0.000000000000000000e+00
0.000000000000000000e+00
0.000000000000000000e+00
0.000000000000000000e+00
0.000000000000000000e+00
0.000000000000000000e+00
0.000000000000000000e+00
0.000000000000000000e+00
0.000000000000000000e+00
0.000000000000000000e+00
0.000000000000000000e+00
0.000000000000000000e+00
0.000000000000000000e+00
0.000000000000000000e+00
0.000000000000000000e+00
0.000000000000000000e+00
