4.656370282173156738e-01
5.844495892524719238e-01
-1.522992931768385461e-07
4.989042580127716064e-01
5.616015791893005371e-01
-1.604391611181199551e-03
5.054133534431457520e-01
5.318461656570434570e-01
-4.674914292991161346e-03
5.079100131988525391e-01
5.090850591659545898e-01
-1.035522669553756714e-02
5.047290325164794922e-01
4.905234575271606445e-01
-1.339286379516124725e-02
4.537551403045654297e-01
4.660208225250244141e-01
8.118334226310253143e-03
4.909264743328094482e-01
4.433580040931701660e-01
-6.921528372913599014e-03
5.025813579559326172e-01
4.705626964569091797e-01
-1.920809969305992126e-02
4.975153505802154541e-01
4.966003000736236572e-01
-2.603990025818347931e-02
4.494764208793640137e-01
4.627083837985992432e-01
1.949500408954918385e-03
4.939406812191009521e-01
4.398190081119537354e-01
-1.085328403860330582e-02
5.049638152122497559e-01
4.711779356002807617e-01
-1.571810990571975708e-02
4.979958236217498779e-01
4.947468042373657227e-01
-1.712948083877563477e-02
4.506138265132904053e-01
4.633340835571289062e-01
-6.878382060676813126e-03
4.978311955928802490e-01
4.486285448074340820e-01
-1.801255717873573303e-02
5.043594837188720703e-01
4.789916276931762695e-01
-1.725849509239196777e-02
4.939314424991607666e-01
4.997296929359436035e-01
-1.484415307641029358e-02
4.569835662841796875e-01
4.687503278255462646e-01
-1.682752743363380432e-02
4.988389015197753906e-01
4.675565958023071289e-01
-2.265709079802036285e-02
5.023360848426818848e-01
4.895644485950469971e-01
-2.173992805182933807e-02
4.914857745170593262e-01
5.039710402488708496e-01
-2.021024376153945923e-02
0.000000000000000000e+00
0.000000000000000000e+00
0.000000000000000000e+00
0.000000000000000000e+00
0.000000000000000000e+00
0.000000000000000000e+00
0.000000000000000000e+00
0.000000000000000000e+00
0.000000000000000000e+00
0.000000000000000000e+00
0.000000000000000000e+00
0.000000000000000000e+00
0.000000000000000000e+00
0.000000000000000000e+00
0.000000000000000000e+00
0.000000000000000000e+00
0.000000000000000000e+00
0.000000000000000000e+00
0.000000000000000000e+00
0.000000000000000000e+00
0.000000000000000000e+00
0.000000000000000000e+00
0.000000000000000000e+00
0.000000000000000000e+00
0.000000000000000000e+00
0.000000000000000000e+00
0.000000000000000000e+00
0.000000000000000000e+00
0.000000000000000000e+00
0.000000000000000000e+00
0.000000000000000000e+00
0.000000000000000000e+00
0.000000000000000000e+00
0.000000000000000000e+00
0.000000000000000000e+00
0.000000000000000000e+00
0.000000000000000000e+00
0.000000000000000000e+00
0.000000000000000000e+00
0.000000000000000000e+00
0.000000000000000000e+00
0.000000000000000000e+00
0.000000000000000000e+00
0.000000000000000000e+00
0.000000000000000000e+00
0.000000000000000000e+00
0.000000000000000000e+00
0.000000000000000000e+00
0.000000000000000000e+00
0.000000000000000000e+00
0.000000000000000000e+00
0.000000000000000000e+00
0.000000000000000000e+00
0.000000000000000000e+00
0.000000000000000000e+00
0.000000000000000000e+00
0.000000000000000000e+00
0.000000000000000000e+00
0.000000000000000000e+00
0.000000000000000000e+00
0.000000000000000000e+00
0.000000000000000000e+00
0.000000000000000000e+00
