4.678960740566253662e-01
5.770622491836547852e-01
-9.569809122922379174e-08
5.016375780105590820e-01
5.523893833160400391e-01
1.130672404542565346e-03
5.085195899009704590e-01
5.196267962455749512e-01
-1.480184961110353470e-03
5.124384760856628418e-01
4.947924017906188965e-01
-7.502774242311716080e-03
5.125204324722290039e-01
4.718701243400573730e-01
-1.088206004351377487e-02
4.570807814598083496e-01
4.633614122867584229e-01
1.150732580572366714e-02
4.900282025337219238e-01
4.378895163536071777e-01
-3.623266704380512238e-03
5.059204697608947754e-01
4.617981910705566406e-01
-1.617553643882274628e-02
5.044218897819519043e-01
4.883394241333007812e-01
-2.298920601606369019e-02
4.512332677841186523e-01
4.590108394622802734e-01
3.869548905640840530e-03
4.928404688835144043e-01
4.315018057823181152e-01
-9.580090641975402832e-03
5.074685215950012207e-01
4.630059301853179932e-01
-1.501943264156579971e-02
5.008117556571960449e-01
4.873136281967163086e-01
-1.643013209104537964e-02
4.517460465431213379e-01
4.587724506855010986e-01
-6.297963205724954605e-03
4.984386563301086426e-01
4.358375668525695801e-01
-1.931727677583694458e-02
5.076390504837036133e-01
4.699351489543914795e-01
-1.809273473918437958e-02
4.964023828506469727e-01
4.925260543823242188e-01
-1.479182578623294830e-02
4.577738046646118164e-01
4.630090892314910889e-01
-1.715330407023429871e-02
5.027132630348205566e-01
4.605353772640228271e-01
-2.553474158048629761e-02
5.071956515312194824e-01
4.853939116001129150e-01
-2.449516020715236664e-02
4.946731626987457275e-01
5.008717775344848633e-01
-2.234048210084438324e-02
0.000000000000000000e+00
0.000000000000000000e+00
0.000000000000000000e+00
0.000000000000000000e+00
0.000000000000000000e+00
0.000000000000000000e+00
0.000000000000000000e+00
0.000000000000000000e+00
0.000000000000000000e+00
0.000000000000000000e+00
0.000000000000000000e+00
0.000000000000000000e+00
0.000000000000000000e+00
0.000000000000000000e+00
0.000000000000000000e+00
0.000000000000000000e+00
0.000000000000000000e+00
0.000000000000000000e+00
0.000000000000000000e+00
0.000000000000000000e+00
0.000000000000000000e+00
0.000000000000000000e+00
0.000000000000000000e+00
0.000000000000000000e+00
0.000000000000000000e+00
0.000000000000000000e+00
0.000000000000000000e+00
0.000000000000000000e+00
0.000000000000000000e+00
0.000000000000000000e+00
0.000000000000000000e+00
0.000000000000000000e+00
0.000000000000000000e+00
0.000000000000000000e+00
0.000000000000000000e+00
0.000000000000000000e+00
0.000000000000000000e+00
0.000000000000000000e+00
0.000000000000000000e+00
0.000000000000000000e+00
0.000000000000000000e+00
0.000000000000000000e+00
0.000000000000000000e+00
0.000000000000000000e+00
0.000000000000000000e+00
0.000000000000000000e+00
0.000000000000000000e+00
0.000000000000000000e+00
0.000000000000000000e+00
0.000000000000000000e+00
0.000000000000000000e+00
0.000000000000000000e+00
0.000000000000000000e+00
0.000000000000000000e+00
0.000000000000000000e+00
0.000000000000000000e+00
0.000000000000000000e+00
0.000000000000000000e+00
0.000000000000000000e+00
0.000000000000000000e+00
0.000000000000000000e+00
0.000000000000000000e+00
0.000000000000000000e+00
