4.706708192825317383e-01
5.836104154586791992e-01
-9.576297799185340409e-08
5.057885646820068359e-01
5.591539144515991211e-01
1.430928707122802734e-03
5.124949216842651367e-01
5.267205834388732910e-01
-4.036678874399513006e-04
5.159581303596496582e-01
5.012369751930236816e-01
-5.465103778988122940e-03
5.133309960365295410e-01
4.781197607517242432e-01
-8.049914613366127014e-03
4.592868089675903320e-01
4.685376882553100586e-01
1.034564152359962463e-02
4.913456439971923828e-01
4.384639561176300049e-01
-4.748674109578132629e-03
5.100598335266113281e-01
4.600512087345123291e-01
-1.663471572101116180e-02
5.123146772384643555e-01
4.884709417819976807e-01
-2.217915467917919159e-02
4.553860127925872803e-01
4.640800058841705322e-01
3.496580524370074272e-03
4.975265860557556152e-01
4.379749000072479248e-01
-8.106336928904056549e-03
5.132742524147033691e-01
4.670820832252502441e-01
-1.221474818885326385e-02
5.097736716270446777e-01
4.917184412479400635e-01
-1.278711576014757156e-02
4.575951099395751953e-01
4.648968577384948730e-01
-5.850266665220260620e-03
5.040262937545776367e-01
4.492367506027221680e-01
-1.662493310868740082e-02
5.136249065399169922e-01
4.795576333999633789e-01
-1.541529782116413116e-02
5.054823756217956543e-01
5.024144649505615234e-01
-1.232995465397834778e-02
4.646868109703063965e-01
4.713381528854370117e-01
-1.596176438033580780e-02
5.070920586585998535e-01
4.718595147132873535e-01
-2.181369997560977936e-02
5.132693052291870117e-01
4.943124651908874512e-01
-2.032529190182685852e-02
5.049829483032226562e-01
5.107160806655883789e-01
-1.792865246534347534e-02
0.000000000000000000e+00
0.000000000000000000e+00
0.000000000000000000e+00
0.000000000000000000e+00
0.000000000000000000e+00
0.000000000000000000e+00
0.000000000000000000e+00
0.000000000000000000e+00
0.000000000000000000e+00
0.000000000000000000e+00
0.000000000000000000e+00
0.000000000000000000e+00
0.000000000000000000e+00
0.000000000000000000e+00
0.000000000000000000e+00
0.000000000000000000e+00
0.000000000000000000e+00
0.000000000000000000e+00
0.000000000000000000e+00
0.000000000000000000e+00
0.000000000000000000e+00
0.000000000000000000e+00
0.000000000000000000e+00
0.000000000000000000e+00
0.000000000000000000e+00
0.000000000000000000e+00
0.000000000000000000e+00
0.000000000000000000e+00
0.000000000000000000e+00
0.000000000000000000e+00
0.000000000000000000e+00
0.000000000000000000e+00
0.000000000000000000e+00
0.000000000000000000e+00
0.000000000000000000e+00
0.000000000000000000e+00
0.000000000000000000e+00
0.000000000000000000e+00
0.000000000000000000e+00
0.000000000000000000e+00
0.000000000000000000e+00
0.000000000000000000e+00
0.000000000000000000e+00
0.000000000000000000e+00
0.000000000000000000e+00
0.000000000000000000e+00
0.000000000000000000e+00
0.000000000000000000e+00
0.000000000000000000e+00
0.000000000000000000e+00
0.000000000000000000e+00
0.000000000000000000e+00
0.000000000000000000e+00
0.000000000000000000e+00
0.000000000000000000e+00
0.000000000000000000e+00
0.000000000000000000e+00
0.000000000000000000e+00
0.000000000000000000e+00
0.000000000000000000e+00
0.000000000000000000e+00
0.000000000000000000e+00
0.000000000000000000e+00
