4.697083234786987305e-01
5.791522860527038574e-01
-1.039743153796734987e-07
5.014504194259643555e-01
5.573201775550842285e-01
1.793503528460860252e-03
5.091464519500732422e-01
5.277432799339294434e-01
-7.388609810732305050e-04
5.149022340774536133e-01
5.045824050903320312e-01
-6.323731970041990280e-03
5.138230919837951660e-01
4.857594072818756104e-01
-9.595046751201152802e-03
4.549798965454101562e-01
4.628854691982269287e-01
8.604496717453002930e-03
4.901821315288543701e-01
4.360710978507995605e-01
-4.562053829431533813e-03
5.045747160911560059e-01
4.592472314834594727e-01
-1.522120181471109390e-02
5.020396113395690918e-01
4.830600917339324951e-01
-2.126613818109035492e-02
4.513068497180938721e-01
4.586496949195861816e-01
1.230743248015642166e-03
4.956230223178863525e-01
4.317750334739685059e-01
-8.974085561931133270e-03
5.080507993698120117e-01
4.633592367172241211e-01
-1.199155673384666443e-02
5.005956292152404785e-01
4.858421683311462402e-01
-1.282207481563091278e-02
4.541002213954925537e-01
4.599732756614685059e-01
-8.216406218707561493e-03
5.012537240982055664e-01
4.410222470760345459e-01
-1.754835061728954315e-02
5.089874267578125000e-01
4.741093814373016357e-01
-1.508256606757640839e-02
4.978026151657104492e-01
4.956902563571929932e-01
-1.225725933909416199e-02
4.622647762298583984e-01
4.669047296047210693e-01
-1.844993233680725098e-02
5.048043131828308105e-01
4.674809575080871582e-01
-2.366118133068084717e-02
5.090433359146118164e-01
4.911975562572479248e-01
-2.208822220563888550e-02
4.978345334529876709e-01
5.058541893959045410e-01
-2.050297521054744720e-02
0.000000000000000000e+00
0.000000000000000000e+00
0.000000000000000000e+00
0.000000000000000000e+00
0.000000000000000000e+00
0.000000000000000000e+00
0.000000000000000000e+00
0.000000000000000000e+00
0.000000000000000000e+00
0.000000000000000000e+00
0.000000000000000000e+00
0.000000000000000000e+00
0.000000000000000000e+00
0.000000000000000000e+00
0.000000000000000000e+00
0.000000000000000000e+00
0.000000000000000000e+00
0.000000000000000000e+00
0.000000000000000000e+00
0.000000000000000000e+00
0.000000000000000000e+00
0.000000000000000000e+00
0.000000000000000000e+00
0.000000000000000000e+00
0.000000000000000000e+00
0.000000000000000000e+00
0.000000000000000000e+00
0.000000000000000000e+00
0.000000000000000000e+00
0.000000000000000000e+00
0.000000000000000000e+00
0.000000000000000000e+00
0.000000000000000000e+00
0.000000000000000000e+00
0.000000000000000000e+00
0.000000000000000000e+00
0.000000000000000000e+00
0.000000000000000000e+00
0.000000000000000000e+00
0.000000000000000000e+00
0.000000000000000000e+00
0.000000000000000000e+00
0.000000000000000000e+00
0.000000000000000000e+00
0.000000000000000000e+00
0.000000000000000000e+00
0.000000000000000000e+00
0.000000000000000000e+00
0.000000000000000000e+00
0.000000000000000000e+00
0.000000000000000000e+00
0.000000000000000000e+00
0.000000000000000000e+00
0.000000000000000000e+00
0.000000000000000000e+00
0.000000000000000000e+00
0.000000000000000000e+00
0.000000000000000000e+00
0.000000000000000000e+00
0.000000000000000000e+00
0.000000000000000000e+00
0.000000000000000000e+00
0.000000000000000000e+00
