4.657095670700073242e-01
5.825800299644470215e-01
-1.698998346455482533e-07
5.066745877265930176e-01
5.549969673156738281e-01
6.474036490544676781e-04
5.132618546485900879e-01
5.213930010795593262e-01
-3.118573687970638275e-03
5.167106389999389648e-01
4.951487779617309570e-01
-1.211512275040149689e-02
5.164964199066162109e-01
4.745990335941314697e-01
-1.954883709549903870e-02
4.623769223690032959e-01
4.577704071998596191e-01
7.061379961669445038e-03
4.917125999927520752e-01
4.056137204170227051e-01
-8.025573566555976868e-03
5.048745274543762207e-01
4.003773927688598633e-01
-1.795311458408832550e-02
5.042662024497985840e-01
4.006328880786895752e-01
-2.364757657051086426e-02
4.561224579811096191e-01
4.590047895908355713e-01
-2.289625583216547966e-03
5.071080327033996582e-01
4.294590353965759277e-01
-2.260838635265827179e-02
5.146284699440002441e-01
4.646745622158050537e-01
-2.765818871557712555e-02
5.020112395286560059e-01
4.842311441898345947e-01
-2.718077600002288818e-02
4.577756822109222412e-01
4.615756571292877197e-01
-1.386674400418996811e-02
5.093271136283874512e-01
4.428455233573913574e-01
-3.183605894446372986e-02
5.141400098800659180e-01
4.773451685905456543e-01
-3.049409575760364532e-02
5.013433694839477539e-01
4.944790005683898926e-01
-2.607571519911289215e-02
4.664182662963867188e-01
4.655650258064270020e-01
-2.621026709675788879e-02
5.111690163612365723e-01
4.616177380084991455e-01
-3.507379814982414246e-02
5.136491060256958008e-01
4.866467118263244629e-01
-3.295572102069854736e-02
5.014777183532714844e-01
4.998337626457214355e-01
-3.007097356021404266e-02
4.677798748016357422e-01
5.788302421569824219e-01
-1.821320267936243908e-07
5.002978444099426270e-01
5.588077306747436523e-01
-1.666162745095789433e-03
5.079512596130371094e-01
5.267220139503479004e-01
-4.951739683747291565e-03
5.151840448379516602e-01
5.010829567909240723e-01
-1.049488224089145660e-02
5.171894431114196777e-01
4.819630086421966553e-01
-1.331816520541906357e-02
4.545149505138397217e-01
4.622498750686645508e-01
6.472421810030937195e-03
4.968035221099853516e-01
4.422037899494171143e-01
-7.365309633314609528e-03
5.055475234985351562e-01
4.687055349349975586e-01
-1.902370154857635498e-02
4.969897568225860596e-01
4.901609122753143311e-01
-2.634280547499656677e-02
4.526331126689910889e-01
4.593336284160614014e-01
-1.923561285366304219e-05
4.997034072875976562e-01
4.371089339256286621e-01
-1.148218009620904922e-02
5.074196457862854004e-01
4.665713906288146973e-01
-1.549562346190214157e-02
4.984612464904785156e-01
4.856489598751068115e-01
-1.696418598294258118e-02
4.571006596088409424e-01
4.611298143863677979e-01
-8.799597620964050293e-03
5.044403672218322754e-01
4.450024664402008057e-01
-1.834333501756191254e-02
5.107215046882629395e-01
4.738574922084808350e-01
-1.573417522013187408e-02
5.012938380241394043e-01
4.916149973869323730e-01
-1.273511722683906555e-02
4.675365686416625977e-01
4.683057665824890137e-01
-1.879471167922019958e-02
5.074217915534973145e-01
4.644837975502014160e-01
-2.343575470149517059e-02
5.114277005195617676e-01
4.853772222995758057e-01
-2.095701545476913452e-02
5.030463337898254395e-01
4.980824887752532959e-01
-1.856335625052452087e-02
