4.692321717739105225e-01
5.783858895301818848e-01
-1.573421997136392747e-07
5.016020536422729492e-01
5.579047799110412598e-01
-4.016633029095828533e-04
5.098392963409423828e-01
5.261667966842651367e-01
-3.347188699990510941e-03
5.158567428588867188e-01
5.016099214553833008e-01
-8.696778677403926849e-03
5.173237323760986328e-01
4.811927080154418945e-01
-1.150947622954845428e-02
4.565175175666809082e-01
4.603274762630462646e-01
6.156994029879570007e-03
4.979717433452606201e-01
4.401739537715911865e-01
-7.011137437075376511e-03
5.068925619125366211e-01
4.677591621875762939e-01
-1.748562976717948914e-02
5.000452995300292969e-01
4.921304583549499512e-01
-2.349327504634857178e-02
4.540824890136718750e-01
4.573495090007781982e-01
-1.323991309618577361e-04
5.013535022735595703e-01
4.360299408435821533e-01
-1.024950575083494186e-02
5.086465477943420410e-01
4.665825664997100830e-01
-1.312276907265186310e-02
5.004095435142517090e-01
4.882976412773132324e-01
-1.372088771313428879e-02
4.577908813953399658e-01
4.597825706005096436e-01
-8.499170653522014618e-03
5.066773891448974609e-01
4.461495578289031982e-01
-1.746947318315505981e-02
5.117890834808349609e-01
4.771321117877960205e-01
-1.489800773561000824e-02
5.022828578948974609e-01
4.976984858512878418e-01
-1.179961115121841431e-02
4.671453535556793213e-01
4.680206775665283203e-01
-1.781263761222362518e-02
5.084688067436218262e-01
4.675296545028686523e-01
-2.243207395076751709e-02
5.121977925300598145e-01
4.902867078781127930e-01
-2.025391906499862671e-02
5.039204955101013184e-01
5.045993328094482422e-01
-1.794230937957763672e-02
0.000000000000000000e+00
0.000000000000000000e+00
0.000000000000000000e+00
0.000000000000000000e+00
0.000000000000000000e+00
0.000000000000000000e+00
0.000000000000000000e+00
0.000000000000000000e+00
0.000000000000000000e+00
0.000000000000000000e+00
0.000000000000000000e+00
0.000000000000000000e+00
0.000000000000000000e+00
0.000000000000000000e+00
0.000000000000000000e+00
0.000000000000000000e+00
0.000000000000000000e+00
0.000000000000000000e+00
0.000000000000000000e+00
0.000000000000000000e+00
0.000000000000000000e+00
0.000000000000000000e+00
0.000000000000000000e+00
0.000000000000000000e+00
0.000000000000000000e+00
0.000000000000000000e+00
0.000000000000000000e+00
0.000000000000000000e+00
0.000000000000000000e+00
0.000000000000000000e+00
0.000000000000000000e+00
0.000000000000000000e+00
0.000000000000000000e+00
0.000000000000000000e+00
0.000000000000000000e+00
0.000000000000000000e+00
0.000000000000000000e+00
0.000000000000000000e+00
0.000000000000000000e+00
0.000000000000000000e+00
0.000000000000000000e+00
0.000000000000000000e+00
0.000000000000000000e+00
0.000000000000000000e+00
0.000000000000000000e+00
0.000000000000000000e+00
0.000000000000000000e+00
0.000000000000000000e+00
0.000000000000000000e+00
0.000000000000000000e+00
0.000000000000000000e+00
0.000000000000000000e+00
0.000000000000000000e+00
0.000000000000000000e+00
0.000000000000000000e+00
0.000000000000000000e+00
0.000000000000000000e+00
0.000000000000000000e+00
0.000000000000000000e+00
0.000000000000000000e+00
0.000000000000000000e+00
0.000000000000000000e+00
0.000000000000000000e+00
