4.632601141929626465e-01
5.654554367065429688e-01
-5.770454691855775309e-08
4.980122745037078857e-01
5.434857010841369629e-01
-1.654669409617781639e-03
5.057731270790100098e-01
5.144838690757751465e-01
-5.922518204897642136e-03
5.103150606155395508e-01
4.895494580268859863e-01
-1.279051695019006729e-02
5.102646350860595703e-01
4.665254950523376465e-01
-1.701128110289573669e-02
4.562490582466125488e-01
4.541824460029602051e-01
6.415789946913719177e-03
4.897708296775817871e-01
4.311790466308593750e-01
-1.116351876407861710e-02
5.055447220802307129e-01
4.508810341358184814e-01
-2.531858533620834351e-02
5.062835812568664551e-01
4.747577607631683350e-01
-3.311199322342872620e-02
4.513816535472869873e-01
4.465147256851196289e-01
-6.125975633040070534e-04
4.918509721755981445e-01
4.232040941715240479e-01
-1.696918345987796783e-02
5.072296857833862305e-01
4.527311921119689941e-01
-2.402575686573982239e-02
5.040579438209533691e-01
4.763683974742889404e-01
-2.589362300932407379e-02
4.528607130050659180e-01
4.459753930568695068e-01
-1.017541717737913132e-02
4.992316961288452148e-01
4.315637350082397461e-01
-2.660680003464221954e-02
5.079671740531921387e-01
4.646129608154296875e-01
-2.703562378883361816e-02
4.984933137893676758e-01
4.866864085197448730e-01
-2.400665730237960815e-02
4.601460993289947510e-01
4.521953463554382324e-01
-2.044339105486869812e-02
5.032281875610351562e-01
4.599170684814453125e-01
-3.183005377650260925e-02
5.074516534805297852e-01
4.834605157375335693e-01
-3.222711756825447083e-02
4.972602427005767822e-01
4.974485933780670166e-01
-3.028523735702037811e-02
0.000000000000000000e+00
0.000000000000000000e+00
0.000000000000000000e+00
0.000000000000000000e+00
0.000000000000000000e+00
0.000000000000000000e+00
0.000000000000000000e+00
0.000000000000000000e+00
0.000000000000000000e+00
0.000000000000000000e+00
0.000000000000000000e+00
0.000000000000000000e+00
0.000000000000000000e+00
0.000000000000000000e+00
0.000000000000000000e+00
0.000000000000000000e+00
0.000000000000000000e+00
0.000000000000000000e+00
0.000000000000000000e+00
0.000000000000000000e+00
0.000000000000000000e+00
0.000000000000000000e+00
0.000000000000000000e+00
0.000000000000000000e+00
0.000000000000000000e+00
0.000000000000000000e+00
0.000000000000000000e+00
0.000000000000000000e+00
0.000000000000000000e+00
0.000000000000000000e+00
0.000000000000000000e+00
0.000000000000000000e+00
0.000000000000000000e+00
0.000000000000000000e+00
0.000000000000000000e+00
0.000000000000000000e+00
0.000000000000000000e+00
0.000000000000000000e+00
0.000000000000000000e+00
0.000000000000000000e+00
0.000000000000000000e+00
0.000000000000000000e+00
0.000000000000000000e+00
0.000000000000000000e+00
0.000000000000000000e+00
0.000000000000000000e+00
0.000000000000000000e+00
0.000000000000000000e+00
0.000000000000000000e+00
0.000000000000000000e+00
0.000000000000000000e+00
0.000000000000000000e+00
0.000000000000000000e+00
0.000000000000000000e+00
0.000000000000000000e+00
0.000000000000000000e+00
0.000000000000000000e+00
0.000000000000000000e+00
0.000000000000000000e+00
0.000000000000000000e+00
0.000000000000000000e+00
0.000000000000000000e+00
0.000000000000000000e+00
