6.031950712203979492e-01
4.291118383407592773e-01
-6.744678020477294922e-01
6.255255937576293945e-01
3.853737711906433105e-01
-6.346298456192016602e-01
6.395386457443237305e-01
3.859515786170959473e-01
-6.345402002334594727e-01
6.526542305946350098e-01
3.866533637046813965e-01
-6.347258687019348145e-01
5.806397795677185059e-01
3.839791417121887207e-01
-6.419100761413574219e-01
5.614536404609680176e-01
3.836150765419006348e-01
-6.415019035339355469e-01
5.455577373504638672e-01
3.843408226966857910e-01
-6.419196724891662598e-01
6.677277684211730957e-01
4.119122624397277832e-01
-3.293708562850952148e-01
5.183845162391662598e-01
4.111832380294799805e-01
-3.530844151973724365e-01
6.253163814544677734e-01
4.862591624259948730e-01
-5.567862987518310547e-01
5.695009231567382812e-01
4.849926829338073730e-01
-5.629009604454040527e-01
7.621639966964721680e-01
6.832857131958007812e-01
-1.331606358289718628e-01
3.984158039093017578e-01
6.772097945213317871e-01
-2.416318953037261963e-01
8.045130968093872070e-01
9.801801443099975586e-01
-6.719557940959930420e-02
3.173439800739288330e-01
9.780494570732116699e-01
-1.788664609193801880e-01
8.625082969665527344e-01
1.285660982131958008e+00
-3.463395833969116211e-01
2.445307672023773193e-01
1.279163002967834473e+00
-4.774734377861022949e-01
8.965004682540893555e-01
1.368122458457946777e+00
-4.154916405677795410e-01
2.083019316196441650e-01
1.363461852073669434e+00
-5.564032196998596191e-01
8.688455820083618164e-01
1.369378924369812012e+00
-4.851385951042175293e-01
2.422722280025482178e-01
1.367068171501159668e+00
-6.470632553100585938e-01
8.481695055961608887e-01
1.336624860763549805e+00
-3.899279832839965820e-01
2.630468904972076416e-01
1.336794495582580566e+00
-5.255837440490722656e-01
6.762826442718505859e-01
1.340479612350463867e+00
-2.580670081079006195e-02
4.346478581428527832e-01
1.338257908821105957e+00
2.954506501555442810e-02
6.629955172538757324e-01
1.851397395133972168e+00
-7.370276004076004028e-02
4.308498799800872803e-01
1.853376269340515137e+00
-3.732258919626474380e-03
6.503285169601440430e-01
2.324684858322143555e+00
3.568814992904663086e-01
4.252545833587646484e-01
2.321180105209350586e+00
2.593422234058380127e-01
6.535647511482238770e-01
2.399902820587158203e+00
3.740545809268951416e-01
4.182693362236022949e-01
2.397886753082275391e+00
2.703690826892852783e-01
6.148850321769714355e-01
2.470555305480957031e+00
-6.293772161006927490e-02
4.582570195198059082e-01
2.459211111068725586e+00
-2.272798717021942139e-01
