6.008701920509338379e-01
4.206036031246185303e-01
-9.570267796516418457e-01
6.170712709426879883e-01
3.705041706562042236e-01
-9.101778268814086914e-01
6.300481557846069336e-01
3.698375821113586426e-01
-9.101456403732299805e-01
6.433646678924560547e-01
3.699619472026824951e-01
-9.101129770278930664e-01
5.704426169395446777e-01
3.760897517204284668e-01
-9.228559732437133789e-01
5.524896979331970215e-01
3.790508210659027100e-01
-9.226042032241821289e-01
5.368341803550720215e-01
3.815570771694183350e-01
-9.230553507804870605e-01
6.594083309173583984e-01
3.969228565692901611e-01
-5.499473214149475098e-01
5.085688233375549316e-01
4.093589782714843750e-01
-5.940301418304443359e-01
6.260480284690856934e-01
4.804751574993133545e-01
-8.193194270133972168e-01
5.724245309829711914e-01
4.796166419982910156e-01
-8.312533497810363770e-01
7.587049603462219238e-01
6.805471181869506836e-01
-2.602205872535705566e-01
3.851918280124664307e-01
6.951744556427001953e-01
-4.454674124717712402e-01
8.025866746902465820e-01
9.838024973869323730e-01
-1.151476874947547913e-01
3.141578733921051025e-01
1.032560110092163086e+00
-4.649945199489593506e-01
9.256141781806945801e-01
1.215786457061767578e+00
-4.436401724815368652e-01
2.847627997398376465e-01
1.357583642005920410e+00
-8.600443601608276367e-01
9.799571037292480469e-01
1.281707763671875000e+00
-5.197263360023498535e-01
2.588100433349609375e-01
1.457093000411987305e+00
-9.621489644050598145e-01
9.764000773429870605e-01
1.289303541183471680e+00
-6.145129203796386719e-01
2.926924526691436768e-01
1.450792789459228516e+00
-1.066795110702514648e+00
9.437903165817260742e-01
1.270683646202087402e+00
-4.986331462860107422e-01
3.111853599548339844e-01
1.416851758956909180e+00
-9.114149808883666992e-01
7.124337553977966309e-01
1.359348773956298828e+00
3.116415173280984163e-04
4.588453769683837891e-01
1.374527454376220703e+00
3.369913203641772270e-03
7.181581854820251465e-01
1.886661291122436523e+00
1.405822932720184326e-01
4.729751646518707275e-01
1.913794159889221191e+00
1.874869316816329956e-01
7.242532968521118164e-01
2.363616228103637695e+00
7.599366307258605957e-01
4.885790944099426270e-01
2.384595155715942383e+00
6.768916249275207520e-01
7.284122109413146973e-01
2.436819553375244141e+00
7.921561002731323242e-01
4.789256155490875244e-01
2.455515861511230469e+00
7.121148109436035156e-01
7.037373781204223633e-01
2.519923686981201172e+00
3.127829432487487793e-01
5.426262021064758301e-01
2.538767576217651367e+00
1.683198213577270508e-01
