6.009270548820495605e-01
4.199495911598205566e-01
-9.771053194999694824e-01
6.172395944595336914e-01
3.699752986431121826e-01
-9.255741238594055176e-01
6.302112340927124023e-01
3.693782389163970947e-01
-9.256005287170410156e-01
6.434708833694458008e-01
3.695695698261260986e-01
-9.255711436271667480e-01
5.705779194831848145e-01
3.752903044223785400e-01
-9.396650195121765137e-01
5.524803996086120605e-01
3.782187700271606445e-01
-9.394145011901855469e-01
5.367624759674072266e-01
3.808375000953674316e-01
-9.398590922355651855e-01
6.596395969390869141e-01
3.967199027538299561e-01
-5.536425113677978516e-01
5.084508657455444336e-01
4.085240066051483154e-01
-6.037114262580871582e-01
6.261147260665893555e-01
4.800873398780822754e-01
-8.363548517227172852e-01
5.726088881492614746e-01
4.790195226669311523e-01
-8.497730493545532227e-01
7.582608461380004883e-01
6.812812685966491699e-01
-2.563894391059875488e-01
3.852110803127288818e-01
6.959957480430603027e-01
-4.593261182308197021e-01
8.053959012031555176e-01
9.862955808639526367e-01
-9.855280071496963501e-02
3.152073025703430176e-01
1.034174323081970215e+00
-4.727343618869781494e-01
9.407693743705749512e-01
1.222799777984619141e+00
-4.714578092098236084e-01
2.880491316318511963e-01
1.360840320587158203e+00
-8.717304468154907227e-01
9.985591769218444824e-01
1.287465572357177734e+00
-5.521826148033142090e-01
2.637846469879150391e-01
1.462009668350219727e+00
-9.766335487365722656e-01
9.923694729804992676e-01
1.293937921524047852e+00
-6.483131647109985352e-01
2.994628250598907471e-01
1.456895232200622559e+00
-1.070297122001647949e+00
9.591625928878784180e-01
1.276711940765380859e+00
-5.279218554496765137e-01
3.167911767959594727e-01
1.422281026840209961e+00
-9.204009175300598145e-01
7.123998999595642090e-01
1.360953569412231445e+00
-2.847100608050823212e-03
4.592023491859436035e-01
1.376122713088989258e+00
6.340776570141315460e-03
7.163153886795043945e-01
1.888762950897216797e+00
1.572348028421401978e-01
4.742243885993957520e-01
1.915873050689697266e+00
1.678148359060287476e-01
7.220430374145507812e-01
2.364684820175170898e+00
8.168594241142272949e-01
4.872212409973144531e-01
2.386172771453857422e+00
7.068148851394653320e-01
7.258820533752441406e-01
2.437975883483886719e+00
8.525325059890747070e-01
4.782517850399017334e-01
2.457471609115600586e+00
7.468234300613403320e-01
7.015997767448425293e-01
2.520795345306396484e+00
3.688636124134063721e-01
5.401735305786132812e-01
2.539021730422973633e+00
1.880840063095092773e-01
