6.038011312484741211e-01
4.264723956584930420e-01
-9.422105550765991211e-01
6.239900588989257812e-01
3.771547377109527588e-01
-8.929513692855834961e-01
6.378329992294311523e-01
3.766219317913055420e-01
-8.928734660148620605e-01
6.512283086776733398e-01
3.769616186618804932e-01
-8.929679989814758301e-01
5.778752565383911133e-01
3.811424374580383301e-01
-9.074085354804992676e-01
5.595543980598449707e-01
3.825258910655975342e-01
-9.071863293647766113e-01
5.442296266555786133e-01
3.839376270771026611e-01
-9.076031446456909180e-01
6.664279699325561523e-01
4.043460190296173096e-01
-5.249154567718505859e-01
5.170720219612121582e-01
4.110461175441741943e-01
-5.749849081039428711e-01
6.273699402809143066e-01
4.845508635044097900e-01
-8.015615344047546387e-01
5.727319121360778809e-01
4.834851622581481934e-01
-8.149226307868957520e-01
7.633195519447326660e-01
6.823518276214599609e-01
-2.386821210384368896e-01
3.948481678962707520e-01
6.867698431015014648e-01
-4.385374188423156738e-01
8.075531125068664551e-01
9.846939444541931152e-01
-1.216789707541465759e-01
3.151080310344696045e-01
1.010755062103271484e+00
-4.137741923332214355e-01
9.160140156745910645e-01
1.296340823173522949e+00
-4.098652005195617676e-01
2.727027833461761475e-01
1.327978134155273438e+00
-7.781726121902465820e-01
9.640257954597473145e-01
1.376527905464172363e+00
-4.843487143516540527e-01
2.471673041582107544e-01
1.418799281120300293e+00
-8.761075735092163086e-01
9.495165944099426270e-01
1.384470820426940918e+00
-5.529271960258483887e-01
2.812613546848297119e-01
1.414550781250000000e+00
-9.693769216537475586e-01
9.203934669494628906e-01
1.354548811912536621e+00
-4.514118731021881104e-01
2.982814013957977295e-01
1.384538650512695312e+00
-8.254238963127136230e-01
7.061797380447387695e-01
1.355063199996948242e+00
-1.648154854774475098e-02
4.548032283782958984e-01
1.366063952445983887e+00
1.964411512017250061e-02
7.057523131370544434e-01
1.884279012680053711e+00
1.504793912172317505e-01
4.675481319427490234e-01
1.905503869056701660e+00
1.731169819831848145e-01
7.105094790458679199e-01
2.358731508255004883e+00
8.087469935417175293e-01
4.782807826995849609e-01
2.372780799865722656e+00
7.194626331329345703e-01
7.151051163673400879e-01
2.431041479110717773e+00
8.445657491683959961e-01
4.711337685585021973e-01
2.442674398422241211e+00
7.599306702613830566e-01
6.863531470298767090e-01
2.515602827072143555e+00
3.569486737251281738e-01
5.300651788711547852e-01
2.529107093811035156e+00
1.987935602664947510e-01
