6.026712059974670410e-01
4.202059209346771240e-01
-1.001050829887390137e+00
6.199451684951782227e-01
3.709731698036193848e-01
-9.515399932861328125e-01
6.332328319549560547e-01
3.706394135951995850e-01
-9.515601396560668945e-01
6.458166837692260742e-01
3.711834549903869629e-01
-9.514837265014648438e-01
5.744951963424682617e-01
3.743329048156738281e-01
-9.695175290107727051e-01
5.548528432846069336e-01
3.761368691921234131e-01
-9.692948460578918457e-01
5.382500886917114258e-01
3.783664703369140625e-01
-9.697542190551757812e-01
6.617078781127929688e-01
3.986911773681640625e-01
-5.795317292213439941e-01
5.086760520935058594e-01
4.059162735939025879e-01
-6.514882445335388184e-01
6.261442899703979492e-01
4.807492196559906006e-01
-8.587216138839721680e-01
5.731534361839294434e-01
4.775525629520416260e-01
-8.780678510665893555e-01
7.571660876274108887e-01
6.867839694023132324e-01
-2.626442313194274902e-01
3.843259811401367188e-01
7.013334631919860840e-01
-4.996619224548339844e-01
8.051236867904663086e-01
9.891588091850280762e-01
-1.242187842726707458e-01
3.172346651554107666e-01
1.027651071548461914e+00
-5.287089943885803223e-01
9.240115284919738770e-01
1.222938776016235352e+00
-5.226919651031494141e-01
2.924509644508361816e-01
1.343432664871215820e+00
-8.988990783691406250e-01
9.811695218086242676e-01
1.284947872161865234e+00
-6.065086722373962402e-01
2.667121887207031250e-01
1.441386461257934570e+00
-1.002657413482666016e+00
9.748323559761047363e-01
1.283787846565246582e+00
-7.132954001426696777e-01
3.006463646888732910e-01
1.430696964263916016e+00
-1.090347170829772949e+00
9.420154690742492676e-01
1.266408324241638184e+00
-5.865079164505004883e-01
3.196659684181213379e-01
1.396753072738647461e+00
-9.448690414428710938e-01
7.086389064788818359e-01
1.363463878631591797e+00
7.046655751764774323e-03
4.553523659706115723e-01
1.376724481582641602e+00
-3.557090880349278450e-03
7.036765813827514648e-01
1.894160151481628418e+00
1.483827680349349976e-01
4.679046571254730225e-01
1.917144179344177246e+00
8.580438047647476196e-02
7.115896940231323242e-01
2.370873451232910156e+00
7.694090008735656738e-01
4.834236204624176025e-01
2.387567043304443359e+00
5.447158813476562500e-01
7.150437831878662109e-01
2.444844961166381836e+00
8.014257550239562988e-01
4.771087765693664551e-01
2.458670616149902344e+00
5.749009251594543457e-01
6.933546066284179688e-01
2.523406744003295898e+00
3.317385315895080566e-01
5.352379083633422852e-01
2.535237312316894531e+00
2.170284837484359741e-02
