6.022131443023681641e-01
4.257403910160064697e-01
-9.825350046157836914e-01
6.201680898666381836e-01
3.751055598258972168e-01
-9.318028688430786133e-01
6.337672472000122070e-01
3.742152452468872070e-01
-9.316793680191040039e-01
6.476246118545532227e-01
3.742648959159851074e-01
-9.321265220642089844e-01
5.736346244812011719e-01
3.804098963737487793e-01
-9.509889483451843262e-01
5.564680099487304688e-01
3.822925686836242676e-01
-9.507387876510620117e-01
5.418932437896728516e-01
3.838428854942321777e-01
-9.511306881904602051e-01
6.639311313629150391e-01
4.009695947170257568e-01
-5.749374628067016602e-01
5.153053998947143555e-01
4.108367264270782471e-01
-6.963415145874023438e-01
6.268371343612670898e-01
4.839743971824645996e-01
-8.459725379943847656e-01
5.727227330207824707e-01
4.829440712928771973e-01
-8.724433779716491699e-01
7.630089521408081055e-01
6.798868179321289062e-01
-2.836143076419830322e-01
3.902023434638977051e-01
6.883403658866882324e-01
-4.686189591884613037e-01
8.053356409072875977e-01
9.768944978713989258e-01
-1.163881793618202209e-01
3.124595284461975098e-01
1.011235833168029785e+00
-4.100820422172546387e-01
9.180575609207153320e-01
1.210814833641052246e+00
-4.661109447479248047e-01
2.731604576110839844e-01
1.328242182731628418e+00
-8.320401906967163086e-01
9.733157157897949219e-01
1.271678328514099121e+00
-5.367676615715026855e-01
2.474284470081329346e-01
1.417062044143676758e+00
-9.388216137886047363e-01
9.681211709976196289e-01
1.274673223495483398e+00
-6.187877058982849121e-01
2.803873717784881592e-01
1.417690038681030273e+00
-1.029607057571411133e+00
9.358344078063964844e-01
1.258286356925964355e+00
-5.102297067642211914e-01
2.970547974109649658e-01
1.387058973312377930e+00
-8.816823959350585938e-01
7.104626893997192383e-01
1.354878664016723633e+00
-1.324120350182056427e-02
4.576584696769714355e-01
1.366062283515930176e+00
1.650897972285747528e-02
7.163056135177612305e-01
1.883018374443054199e+00
1.642120033502578735e-01
4.782257974147796631e-01
1.901706814765930176e+00
1.907199323177337646e-01
7.286270856857299805e-01
2.354683637619018555e+00
7.856769561767578125e-01
4.984927177429199219e-01
2.371204614639282227e+00
7.163150906562805176e-01
7.333450913429260254e-01
2.426998376846313477e+00
8.186788558959960938e-01
4.902774691581726074e-01
2.444175004959106445e+00
7.550098896026611328e-01
7.117571234703063965e-01
2.513425588607788086e+00
3.420414328575134277e-01
5.600205659866333008e-01
2.521898746490478516e+00
2.033770084381103516e-01
