6.020522117614746094e-01
4.201388657093048096e-01
-9.363062977790832520e-01
6.191090941429138184e-01
3.703762292861938477e-01
-8.821881413459777832e-01
6.323247551918029785e-01
3.698414862155914307e-01
-8.821846842765808105e-01
6.450870633125305176e-01
3.701712489128112793e-01
-8.821446299552917480e-01
5.732339024543762207e-01
3.750085830688476562e-01
-9.002132415771484375e-01
5.540168285369873047e-01
3.773428499698638916e-01
-8.999805450439453125e-01
5.377675294876098633e-01
3.796524107456207275e-01
-9.004346132278442383e-01
6.611381173133850098e-01
3.975347578525543213e-01
-5.045008659362792969e-01
5.086530447006225586e-01
4.067395329475402832e-01
-5.775999426841735840e-01
6.262600421905517578e-01
4.804261326789855957e-01
-7.950138449668884277e-01
5.731933116912841797e-01
4.782782793045043945e-01
-8.142096400260925293e-01
7.577232122421264648e-01
6.851406693458557129e-01
-2.099826037883758545e-01
3.845789134502410889e-01
6.981384754180908203e-01
-4.480837881565093994e-01
8.076931238174438477e-01
9.897905588150024414e-01
-8.208663016557693481e-02
3.159349560737609863e-01
1.034157514572143555e+00
-4.984787404537200928e-01
9.489251971244812012e-01
1.241387009620666504e+00
-4.392459988594055176e-01
2.890567183494567871e-01
1.357823252677917480e+00
-9.471104741096496582e-01
1.004113435745239258e+00
1.309197902679443359e+00
-5.185955166816711426e-01
2.628765404224395752e-01
1.458186030387878418e+00
-1.058666706085205078e+00
9.968126416206359863e-01
1.314140319824218750e+00
-6.107369065284729004e-01
3.005941808223724365e-01
1.451826810836791992e+00
-1.147792577743530273e+00
9.634165763854980469e-01
1.295686364173889160e+00
-4.941372275352478027e-01
3.187995851039886475e-01
1.417880177497863770e+00
-9.956029653549194336e-01
7.095137834548950195e-01
1.367429852485656738e+00
-8.593420498073101044e-04
4.561885893344879150e-01
1.379314184188842773e+00
4.315994679927825928e-03
7.036795616149902344e-01
1.897535085678100586e+00
1.388116180896759033e-01
4.653130471706390381e-01
1.921101927757263184e+00
9.390483796596527100e-02
7.037354707717895508e-01
2.375811338424682617e+00
7.697402834892272949e-01
4.713601171970367432e-01
2.392051935195922852e+00
5.491958856582641602e-01
7.069174051284790039e-01
2.449855804443359375e+00
8.014278411865234375e-01
4.634686410427093506e-01
2.463320255279541016e+00
5.786153078079223633e-01
6.822586059570312500e-01
2.528656959533691406e+00
3.184317350387573242e-01
5.205252766609191895e-01
2.543251514434814453e+00
2.365544438362121582e-02
