6.021139621734619141e-01
4.202193915843963623e-01
-9.474303126335144043e-01
6.194125413894653320e-01
3.705238699913024902e-01
-8.951118588447570801e-01
6.326908469200134277e-01
3.700181245803833008e-01
-8.951075673103332520e-01
6.454518437385559082e-01
3.703784644603729248e-01
-8.950594067573547363e-01
5.734654664993286133e-01
3.749509453773498535e-01
-9.126785993576049805e-01
5.541216731071472168e-01
3.772020041942596436e-01
-9.124566316604614258e-01
5.378075838088989258e-01
3.794831633567810059e-01
-9.129203557968139648e-01
6.615649461746215820e-01
3.977113366127014160e-01
-5.203884840011596680e-01
5.086661577224731445e-01
4.066564142704010010e-01
-5.906601548194885254e-01
6.262447237968444824e-01
4.805360734462738037e-01
-8.061088323593139648e-01
5.731880664825439453e-01
4.782413542270660400e-01
-8.248196840286254883e-01
7.579088211059570312e-01
6.864667534828186035e-01
-2.078506946563720703e-01
3.842524588108062744e-01
7.001997828483581543e-01
-4.572543203830718994e-01
8.071384429931640625e-01
9.908869862556457520e-01
-8.360157907009124756e-02
3.161484003067016602e-01
1.034196376800537109e+00
-5.129762887954711914e-01
9.474806785583496094e-01
1.247241735458374023e+00
-4.402524828910827637e-01
2.896020114421844482e-01
1.349059700965881348e+00
-9.894754290580749512e-01
1.000472664833068848e+00
1.315292835235595703e+00
-5.183285474777221680e-01
2.636424601078033447e-01
1.447701692581176758e+00
-1.107179164886474609e+00
9.933705329895019531e-01
1.318971395492553711e+00
-6.108471155166625977e-01
3.013340234756469727e-01
1.438583612442016602e+00
-1.191738724708557129e+00
9.607146382331848145e-01
1.299766659736633301e+00
-4.953766465187072754e-01
3.194140493869781494e-01
1.405394792556762695e+00
-1.037266969680786133e+00
7.093287706375122070e-01
1.369393706321716309e+00
3.819913370534777641e-03
4.560951292514801025e-01
1.381027340888977051e+00
-3.732902405317872763e-04
7.032338380813598633e-01
1.900142192840576172e+00
1.389500349760055542e-01
4.655802249908447266e-01
1.923111081123352051e+00
8.068984746932983398e-02
7.048209309577941895e-01
2.378015995025634766e+00
7.655766606330871582e-01
4.738779067993164062e-01
2.393715858459472656e+00
5.383213758468627930e-01
7.080557346343994141e-01
2.452168941497802734e+00
7.975250482559204102e-01
4.663458466529846191e-01
2.465086460113525391e+00
5.679667592048645020e-01
6.851526498794555664e-01
2.530164480209350586e+00
3.209146857261657715e-01
5.241410732269287109e-01
2.543961524963378906e+00
1.040008477866649628e-02
