6.027423143386840820e-01
4.205940067768096924e-01
-1.009028315544128418e+00
6.199842095375061035e-01
3.710879981517791748e-01
-9.597294926643371582e-01
6.332502961158752441e-01
3.706881105899810791e-01
-9.597529172897338867e-01
6.458417773246765137e-01
3.711856305599212646e-01
-9.596614837646484375e-01
5.745168924331665039e-01
3.748414814472198486e-01
-9.783128499984741211e-01
5.548533201217651367e-01
3.767468035221099854e-01
-9.780859947204589844e-01
5.382512807846069336e-01
3.789548873901367188e-01
-9.785429239273071289e-01
6.617336273193359375e-01
3.986751139163970947e-01
-5.877782106399536133e-01
5.086501836776733398e-01
4.064060449600219727e-01
-6.632214784622192383e-01
6.263760328292846680e-01
4.811658859252929688e-01
-8.663676977157592773e-01
5.736204385757446289e-01
4.782844185829162598e-01
-8.865269422531127930e-01
7.575870156288146973e-01
6.867800951004028320e-01
-2.700972855091094971e-01
3.841119408607482910e-01
7.013443112373352051e-01
-5.078146457672119141e-01
8.053063154220581055e-01
9.905643463134765625e-01
-1.531659066677093506e-01
3.171046376228332520e-01
1.030508637428283691e+00
-5.350278615951538086e-01
9.155036807060241699e-01
1.241388559341430664e+00
-5.586750507354736328e-01
2.942127883434295654e-01
1.343597054481506348e+00
-9.088543057441711426e-01
9.659379124641418457e-01
1.310518860816955566e+00
-6.481412649154663086e-01
2.704424858093261719e-01
1.441368103027343750e+00
-1.013163447380065918e+00
9.549691081047058105e-01
1.311038255691528320e+00
-7.453714013099670410e-01
3.053354620933532715e-01
1.430546283721923828e+00
-1.098959207534790039e+00
9.243966341018676758e-01
1.289937615394592285e+00
-6.175338625907897949e-01
3.233711421489715576e-01
1.396589040756225586e+00
-9.532446861267089844e-01
7.086747884750366211e-01
1.365924477577209473e+00
4.179182928055524826e-03
4.551041722297668457e-01
1.378230571746826172e+00
-7.131024030968546867e-04
7.022147774696350098e-01
1.896232843399047852e+00
1.486675590276718140e-01
4.642044603824615479e-01
1.918342828750610352e+00
9.015645086765289307e-02
7.055197358131408691e-01
2.372850179672241211e+00
7.693692445755004883e-01
4.755244851112365723e-01
2.388127326965332031e+00
5.478235483169555664e-01
7.088869214057922363e-01
2.446697711944580078e+00
8.014184832572937012e-01
4.703784584999084473e-01
2.459089517593383789e+00
5.775890946388244629e-01
6.817868947982788086e-01
2.525576114654541016e+00
3.323970437049865723e-01
5.225841999053955078e-01
2.536505222320556641e+00
2.912383712828159332e-02
