6.033278703689575195e-01
4.258741140365600586e-01
-1.080034494400024414e+00
6.220836639404296875e-01
3.752239942550659180e-01
-1.030090332031250000e+00
6.358920335769653320e-01
3.743535876274108887e-01
-1.029997467994689941e+00
6.496575474739074707e-01
3.744260370731353760e-01
-1.030140042304992676e+00
5.753625631332397461e-01
3.804883956909179688e-01
-1.045756578445434570e+00
5.578473210334777832e-01
3.823226094245910645e-01
-1.045562982559204102e+00
5.430742502212524414e-01
3.838693499565124512e-01
-1.045964241027832031e+00
6.654583811759948730e-01
4.015016853809356689e-01
-6.411059498786926270e-01
5.161688923835754395e-01
4.109500646591186523e-01
-6.988170146942138672e-01
6.274098157882690430e-01
4.840484857559204102e-01
-9.301565885543823242e-01
5.728743672370910645e-01
4.830859601497650146e-01
-9.458343386650085449e-01
7.635789513587951660e-01
6.817178130149841309e-01
-3.246363103389739990e-01
3.917748630046844482e-01
6.880490183830261230e-01
-5.212975144386291504e-01
8.081576228141784668e-01
9.859609007835388184e-01
-1.675291210412979126e-01
3.123263716697692871e-01
1.012407541275024414e+00
-4.589912295341491699e-01
9.020366668701171875e-01
1.299924731254577637e+00
-4.912988543510437012e-01
2.747022211551666260e-01
1.331046342849731445e+00
-8.289722204208374023e-01
9.424994587898254395e-01
1.384039044380187988e+00
-5.700315237045288086e-01
2.492281496524810791e-01
1.421418309211730957e+00
-9.349274635314941406e-01
9.226716756820678711e-01
1.391852021217346191e+00
-6.625415086746215820e-01
2.824435830116271973e-01
1.419985890388488770e+00
-1.032334089279174805e+00
8.980841636657714844e-01
1.362495779991149902e+00
-5.443369150161743164e-01
2.992202639579772949e-01
1.388938069343566895e+00
-8.783753514289855957e-01
7.068096995353698730e-01
1.356827497482299805e+00
-1.495395414531230927e-02
4.554263651371002197e-01
1.367162346839904785e+00
1.808707043528556824e-02
7.075995802879333496e-01
1.887440562248229980e+00
1.561456024646759033e-01
4.716289639472961426e-01
1.905223846435546875e+00
1.356377303600311279e-01
7.099108099937438965e-01
2.361000061035156250e+00
8.316434621810913086e-01
4.795930981636047363e-01
2.374861240386962891e+00
6.408616900444030762e-01
7.134896516799926758e-01
2.433249235153198242e+00
8.688780665397644043e-01
4.717717170715332031e-01
2.446612358093261719e+00
6.758068799972534180e-01
6.865926384925842285e-01
2.516961574554443359e+00
3.734702467918395996e-01
5.307715535163879395e-01
2.527250528335571289e+00
1.024390459060668945e-01
