8.386129736900329590e-01
9.423662424087524414e-01
4.162578193245281000e-07
8.023018836975097656e-01
9.264260530471801758e-01
-1.885093003511428833e-02
7.684413790702819824e-01
8.791757225990295410e-01
-3.189979121088981628e-02
7.533643841743469238e-01
8.321853280067443848e-01
-4.094085097312927246e-02
7.485493421554565430e-01
7.897053956985473633e-01
-4.966026172041893005e-02
8.091078996658325195e-01
8.617079257965087891e-01
-4.324834793806076050e-02
8.089386820793151855e-01
7.830159068107604980e-01
-6.072609126567840576e-02
8.113251924514770508e-01
7.336487770080566406e-01
-6.777656823396682739e-02
8.152754902839660645e-01
6.952893733978271484e-01
-7.101368904113769531e-02
8.269267082214355469e-01
8.577992916107177734e-01
-4.236849769949913025e-02
8.308511972427368164e-01
7.792611122131347656e-01
-5.936844274401664734e-02
8.328539729118347168e-01
7.244532704353332520e-01
-6.568786501884460449e-02
8.359594345092773438e-01
6.798204779624938965e-01
-6.914537400007247925e-02
8.370570540428161621e-01
8.591933250427246094e-01
-4.200454056262969971e-02
8.303192853927612305e-01
7.927109003067016602e-01
-5.909844860434532166e-02
8.203324675559997559e-01
7.452313899993896484e-01
-6.654126197099685669e-02
8.126894831657409668e-01
7.043385505676269531e-01
-7.003337144851684570e-02
8.390526175498962402e-01
8.619343638420104980e-01
-4.193194210529327393e-02
8.239952921867370605e-01
8.142626285552978516e-01
-5.744525045156478882e-02
8.137326240539550781e-01
7.788671851158142090e-01
-6.399732828140258789e-02
8.052873015403747559e-01
7.469513416290283203e-01
-6.749677658081054688e-02
0.000000000000000000e+00
0.000000000000000000e+00
0.000000000000000000e+00
0.000000000000000000e+00
0.000000000000000000e+00
0.000000000000000000e+00
0.000000000000000000e+00
0.000000000000000000e+00
0.000000000000000000e+00
0.000000000000000000e+00
0.000000000000000000e+00
0.000000000000000000e+00
0.000000000000000000e+00
0.000000000000000000e+00
0.000000000000000000e+00
0.000000000000000000e+00
0.000000000000000000e+00
0.000000000000000000e+00
0.000000000000000000e+00
0.000000000000000000e+00
0.000000000000000000e+00
0.000000000000000000e+00
0.000000000000000000e+00
0.000000000000000000e+00
0.000000000000000000e+00
0.000000000000000000e+00
0.000000000000000000e+00
0.000000000000000000e+00
0.000000000000000000e+00
0.000000000000000000e+00
0.000000000000000000e+00
0.000000000000000000e+00
0.000000000000000000e+00
0.000000000000000000e+00
0.000000000000000000e+00
0.000000000000000000e+00
0.000000000000000000e+00
0.000000000000000000e+00
0.000000000000000000e+00
0.000000000000000000e+00
0.000000000000000000e+00
0.000000000000000000e+00
0.000000000000000000e+00
0.000000000000000000e+00
0.000000000000000000e+00
0.000000000000000000e+00
0.000000000000000000e+00
0.000000000000000000e+00
0.000000000000000000e+00
0.000000000000000000e+00
0.000000000000000000e+00
0.000000000000000000e+00
0.000000000000000000e+00
0.000000000000000000e+00
0.000000000000000000e+00
0.000000000000000000e+00
0.000000000000000000e+00
0.000000000000000000e+00
0.000000000000000000e+00
0.000000000000000000e+00
0.000000000000000000e+00
0.000000000000000000e+00
0.000000000000000000e+00
