4.276347160339355469e-01
8.997052907943725586e-01
2.140587866961141117e-07
3.906320035457611084e-01
8.471485376358032227e-01
-1.804077997803688049e-02
3.615599274635314941e-01
7.797953486442565918e-01
-3.165393695235252380e-02
3.384464383125305176e-01
7.247651815414428711e-01
-4.227929934859275818e-02
3.096264898777008057e-01
6.915526390075683594e-01
-5.279041826725006104e-02
3.983454704284667969e-01
7.987850308418273926e-01
-4.444153606891632080e-02
3.984335064888000488e-01
7.381950020790100098e-01
-6.335522979497909546e-02
3.976258039474487305e-01
6.964151859283447266e-01
-7.238420844078063965e-02
3.995872735977172852e-01
6.567610502243041992e-01
-7.847510278224945068e-02
4.378498494625091553e-01
8.135013580322265625e-01
-4.599343612790107727e-02
4.488384127616882324e-01
7.525256276130676270e-01
-6.523634493350982666e-02
4.571929574012756348e-01
7.057148218154907227e-01
-7.365407049655914307e-02
4.665740132331848145e-01
6.645240783691406250e-01
-8.088693767786026001e-02
4.708288013935089111e-01
8.247072696685791016e-01
-4.755978286266326904e-02
4.962043464183807373e-01
7.668874263763427734e-01
-7.047756016254425049e-02
5.144197940826416016e-01
7.281755805015563965e-01
-7.721831649541854858e-02
5.287345051765441895e-01
6.921199560165405273e-01
-8.003713935613632202e-02
4.951776862144470215e-01
8.311021924018859863e-01
-4.933331906795501709e-02
5.271860361099243164e-01
7.805483937263488770e-01
-6.667895615100860596e-02
5.467037558555603027e-01
7.536380887031555176e-01
-7.080128788948059082e-02
5.628638863563537598e-01
7.276421189308166504e-01
-7.323977351188659668e-02
7.870005965232849121e-01
8.193424344062805176e-01
3.725044450675341068e-07
8.159609436988830566e-01
7.652269601821899414e-01
-6.164976395666599274e-03
8.343048095703125000e-01
6.979894638061523438e-01
-1.742553338408470154e-02
8.518105745315551758e-01
6.419531702995300293e-01
-2.628088183701038361e-02
8.805225491523742676e-01
6.129126548767089844e-01
-3.759545087814331055e-02
8.259582519531250000e-01
7.065319418907165527e-01
-5.233163386583328247e-02
8.352454304695129395e-01
6.274943351745605469e-01
-7.201174646615982056e-02
8.386227488517761230e-01
5.782900452613830566e-01
-8.092337846755981445e-02
8.417803049087524414e-01
5.370139479637145996e-01
-8.673872053623199463e-02
7.972130775451660156e-01
7.176472544670104980e-01
-5.828475207090377808e-02
7.988389730453491211e-01
6.410055160522460938e-01
-7.733848690986633301e-02
7.979855537414550781e-01
5.859600305557250977e-01
-8.618440479040145874e-02
7.983558773994445801e-01
5.408563613891601562e-01
-9.422608464956283569e-02
7.647737264633178711e-01
7.322352528572082520e-01
-6.179644539952278137e-02
7.566198110580444336e-01
6.695358753204345703e-01
-7.860949635505676270e-02
7.536594271659851074e-01
6.216763257980346680e-01
-8.839105814695358276e-02
7.540088891983032227e-01
5.829908251762390137e-01
-9.642878174781799316e-02
7.321848273277282715e-01
7.490737438201904297e-01
-6.409426033496856689e-02
7.130130529403686523e-01
7.041721343994140625e-01
-8.078264445066452026e-02
7.020514011383056641e-01
6.750477552413940430e-01
-8.937002718448638916e-02
6.937513947486877441e-01
6.467043757438659668e-01
-9.569710493087768555e-02
