4.165157973766326904e-01
9.198231697082519531e-01
3.642385024704708485e-07
3.898038864135742188e-01
8.603294491767883301e-01
-8.810187689960002899e-03
3.774118423461914062e-01
7.841001749038696289e-01
-2.260641008615493774e-02
3.749856054782867432e-01
7.218203544616699219e-01
-3.363745287060737610e-02
3.686593770980834961e-01
6.737114787101745605e-01
-4.375666379928588867e-02
3.866744935512542725e-01
7.999619245529174805e-01
-5.183892324566841125e-02
4.066686928272247314e-01
7.122063040733337402e-01
-7.228920608758926392e-02
4.243033826351165771e-01
6.717340350151062012e-01
-7.880973815917968750e-02
4.379630386829376221e-01
6.504675149917602539e-01
-7.953660190105438232e-02
4.190449118614196777e-01
8.249288201332092285e-01
-5.548198148608207703e-02
4.440024495124816895e-01
7.277495861053466797e-01
-7.481739670038223267e-02
4.562960863113403320e-01
6.831735968589782715e-01
-7.452055066823959351e-02
4.626703560352325439e-01
6.606576442718505859e-01
-7.159063965082168579e-02
4.530714750289916992e-01
8.468444347381591797e-01
-5.732836201786994934e-02
4.801959991455078125e-01
7.532845139503479004e-01
-7.086512446403503418e-02
4.878206253051757812e-01
7.079375982284545898e-01
-6.579897552728652954e-02
4.871661067008972168e-01
6.833044290542602539e-01
-5.986479297280311584e-02
4.859519898891448975e-01
8.636675477027893066e-01
-5.894677340984344482e-02
5.072340369224548340e-01
7.831440567970275879e-01
-6.743472814559936523e-02
5.113115310668945312e-01
7.396161556243896484e-01
-6.304376572370529175e-02
5.086748003959655762e-01
7.106912732124328613e-01
-5.746147036552429199e-02
7.858791351318359375e-01
8.617887496948242188e-01
2.006550516853167210e-07
8.028383255004882812e-01
8.023895025253295898e-01
-6.451899185776710510e-03
8.031449317932128906e-01
7.200157046318054199e-01
-1.876503042876720428e-02
8.022652268409729004e-01
6.547552943229675293e-01
-2.849161438643932343e-02
8.197536468505859375e-01
6.111522316932678223e-01
-4.019366577267646790e-02
8.082818984985351562e-01
7.384751439094543457e-01
-4.762928187847137451e-02
7.835351824760437012e-01
6.573051214218139648e-01
-6.522531062364578247e-02
7.596074342727661133e-01
6.183617115020751953e-01
-7.124852389097213745e-02
7.415176033973693848e-01
5.932084321975708008e-01
-7.375667244195938110e-02
7.810024023056030273e-01
7.642557024955749512e-01
-5.333999544382095337e-02
7.499592304229736328e-01
6.700924634933471680e-01
-6.935345381498336792e-02
7.297208309173583984e-01
6.256918311119079590e-01
-7.130123674869537354e-02
7.168785929679870605e-01
5.957779288291931152e-01
-7.214432954788208008e-02
7.511826753616333008e-01
7.884237170219421387e-01
-5.703997239470481873e-02
7.151705622673034668e-01
6.975578665733337402e-01
-7.002447545528411865e-02
6.993805170059204102e-01
6.544240117073059082e-01
-6.696971505880355835e-02
6.917452812194824219e-01
6.246445178985595703e-01
-6.434129923582077026e-02
7.213938236236572266e-01
8.093180060386657715e-01
-6.000234931707382202e-02
6.933305263519287109e-01
7.359072566032409668e-01
-6.947045773267745972e-02
6.851395964622497559e-01
7.017860412597656250e-01
-6.564936786890029907e-02
6.825769543647766113e-01
6.771789193153381348e-01
-6.194014474749565125e-02
