4.536027312278747559e-01
9.433186054229736328e-01
-7.020383208100611228e-08
4.303019642829895020e-01
8.921348452568054199e-01
-1.065389625728130341e-02
4.216322898864746094e-01
8.193871378898620605e-01
-2.180168777704238892e-02
4.293102622032165527e-01
7.562881708145141602e-01
-2.927074767649173737e-02
4.341650009155273438e-01
7.090244293212890625e-01
-3.393461182713508606e-02
4.361763298511505127e-01
8.505183458328247070e-01
-5.021599680185317993e-02
4.676469564437866211e-01
7.461120486259460449e-01
-6.422629952430725098e-02
4.686444401741027832e-01
7.492042779922485352e-01
-6.160933524370193481e-02
4.633429944515228271e-01
7.733644247055053711e-01
-5.529885366559028625e-02
4.727102816104888916e-01
8.729202151298522949e-01
-4.906823858618736267e-02
5.001226067543029785e-01
7.612682580947875977e-01
-6.010378152132034302e-02
4.976438283920288086e-01
7.629902362823486328e-01
-5.331304669380187988e-02
4.890091419219970703e-01
7.869977951049804688e-01
-4.731016606092453003e-02
5.066217780113220215e-01
8.881098031997680664e-01
-4.626027494668960571e-02
5.269914269447326660e-01
7.834915518760681152e-01
-5.235336348414421082e-02
5.195823907852172852e-01
7.894498109817504883e-01
-4.061458259820938110e-02
5.097222924232482910e-01
8.143587708473205566e-01
-3.220150619745254517e-02
5.351447463035583496e-01
8.966038823127746582e-01
-4.363035038113594055e-02
5.451565384864807129e-01
8.148980140686035156e-01
-4.851438477635383606e-02
5.381165146827697754e-01
8.166307210922241211e-01
-4.110970348119735718e-02
5.317431688308715820e-01
8.387284278869628906e-01
-3.490143641829490662e-02
7.542874217033386230e-01
8.878321051597595215e-01
3.245508253257867182e-07
7.802369594573974609e-01
8.324581980705261230e-01
-7.729957811534404755e-03
7.851955890655517578e-01
7.645304203033447266e-01
-2.127767540514469147e-02
7.742089629173278809e-01
7.118206620216369629e-01
-3.195320442318916321e-02
7.599576711654663086e-01
6.842387914657592773e-01
-4.173684865236282349e-02
7.841786742210388184e-01
8.042652010917663574e-01
-5.786349251866340637e-02
7.445836663246154785e-01
7.061151862144470215e-01
-8.123975247144699097e-02
7.442598342895507812e-01
6.762810945510864258e-01
-8.672668784856796265e-02
7.565277814865112305e-01
6.789879798889160156e-01
-8.395720273256301880e-02
7.496134042739868164e-01
8.292251825332641602e-01
-5.914482101798057556e-02
7.139682173728942871e-01
7.269243001937866211e-01
-7.770901173353195190e-02
7.159449458122253418e-01
6.876994967460632324e-01
-7.361123710870742798e-02
7.275367379188537598e-01
6.803541183471679688e-01
-6.850492954254150391e-02
7.162497043609619141e-01
8.437663912773132324e-01
-5.871158838272094727e-02
6.902376413345336914e-01
7.424353361129760742e-01
-6.808300316333770752e-02
6.960700750350952148e-01
7.081739902496337891e-01
-5.703059211373329163e-02
7.067915201187133789e-01
7.001735568046569824e-01
-4.829852283000946045e-02
6.874743700027465820e-01
8.489443659782409668e-01
-5.856747180223464966e-02
6.725372076034545898e-01
7.682665586471557617e-01
-6.140577793121337891e-02
6.787040233612060547e-01
7.366173267364501953e-01
-5.241120234131813049e-02
6.866340637207031250e-01
7.268826961517333984e-01
-4.502305388450622559e-02
