4.481187462806701660e-01
8.886375427246093750e-01
1.931797726228978718e-07
4.145023226737976074e-01
8.430931568145751953e-01
-2.001765929162502289e-02
3.886230289936065674e-01
7.850583791732788086e-01
-3.579268604516983032e-02
3.700616359710693359e-01
7.324194908142089844e-01
-4.768794029951095581e-02
3.478795588016510010e-01
6.925027370452880859e-01
-5.929990112781524658e-02
4.160965681076049805e-01
8.053570389747619629e-01
-5.088251456618309021e-02
4.142009913921356201e-01
7.473336458206176758e-01
-7.270256429910659790e-02
4.117201566696166992e-01
7.006257772445678711e-01
-8.289241045713424683e-02
4.108882546424865723e-01
6.586660146713256836e-01
-8.862575143575668335e-02
4.544713199138641357e-01
8.173270225524902344e-01
-5.028346925973892212e-02
4.681521654129028320e-01
7.528769969940185547e-01
-7.109124958515167236e-02
4.753278493881225586e-01
7.020977735519409180e-01
-7.919929921627044678e-02
4.807749092578887939e-01
6.585497856140136719e-01
-8.545208722352981567e-02
4.890755712985992432e-01
8.228847384452819824e-01
-4.958899319171905518e-02
5.111264586448669434e-01
7.595461010932922363e-01
-7.062514126300811768e-02
5.233216881752014160e-01
7.094885110855102539e-01
-7.735715061426162720e-02
5.289685726165771484e-01
6.668065786361694336e-01
-7.996796816587448120e-02
5.170992612838745117e-01
8.232980370521545410e-01
-4.914348945021629333e-02
5.371850728988647461e-01
7.634902596473693848e-01
-6.460818648338317871e-02
5.457738637924194336e-01
7.216242551803588867e-01
-6.882131844758987427e-02
5.484040379524230957e-01
6.838517785072326660e-01
-7.095800340175628662e-02
7.612500786781311035e-01
8.303445577621459961e-01
3.595793884869635804e-07
7.906526327133178711e-01
7.757636308670043945e-01
-1.175108738243579865e-02
8.129402995109558105e-01
7.065797448158264160e-01
-2.325557358562946320e-02
8.294004201889038086e-01
6.505174636840820312e-01
-3.161595761775970459e-02
8.464667201042175293e-01
6.156390905380249023e-01
-4.156647250056266785e-02
7.975597381591796875e-01
7.357915639877319336e-01
-5.395472049713134766e-02
8.022761344909667969e-01
6.764664053916931152e-01
-7.470061630010604858e-02
7.990909814834594727e-01
6.314067840576171875e-01
-8.504743874073028564e-02
7.955173254013061523e-01
5.933541059494018555e-01
-9.190647304058074951e-02
7.623197436332702637e-01
7.525922060012817383e-01
-5.592860281467437744e-02
7.539570927619934082e-01
6.918889284133911133e-01
-7.608246803283691406e-02
7.470605969429016113e-01
6.391754746437072754e-01
-8.524987101554870605e-02
7.413396239280700684e-01
5.968930125236511230e-01
-9.371472895145416260e-02
7.279843688011169434e-01
7.652748227119445801e-01
-5.644967406988143921e-02
7.115491032600402832e-01
7.082236409187316895e-01
-7.400413602590560913e-02
7.033606171607971191e-01
6.603879928588867188e-01
-8.182313293218612671e-02
6.981248855590820312e-01
6.222450733184814453e-01
-8.826157450675964355e-02
6.974344253540039062e-01
7.735846638679504395e-01
-5.670352652668952942e-02
6.766577363014221191e-01
7.256112694740295410e-01
-7.293335348367691040e-02
6.618306636810302734e-01
6.909646987915039062e-01
-8.090715110301971436e-02
6.504461169242858887e-01
6.597647070884704590e-01
-8.684699237346649170e-02
