4.440234601497650146e-01
8.982982635498046875e-01
8.607602097754352144e-08
4.053133726119995117e-01
8.537475466728210449e-01
-2.545129321515560150e-02
3.764355480670928955e-01
7.933878302574157715e-01
-4.309638589620590210e-02
3.527997136116027832e-01
7.349574565887451172e-01
-5.608938634395599365e-02
3.202539980411529541e-01
6.983703970909118652e-01
-6.850106269121170044e-02
4.105361998081207275e-01
8.282118439674377441e-01
-5.430642142891883850e-02
4.066832065582275391e-01
7.786170244216918945e-01
-7.894375175237655640e-02
4.006238579750061035e-01
7.367008924484252930e-01
-9.148871153593063354e-02
3.980679810047149658e-01
6.945582032203674316e-01
-9.978067874908447266e-02
4.549407958984375000e-01
8.348504304885864258e-01
-5.222774296998977661e-02
4.613239169120788574e-01
7.838853001594543457e-01
-7.500363886356353760e-02
4.635311067104339600e-01
7.388179898262023926e-01
-8.365480601787567139e-02
4.680426120758056641e-01
6.965025663375854492e-01
-9.139586985111236572e-02
4.910420477390289307e-01
8.348283767700195312e-01
-5.072883516550064087e-02
5.052880048751831055e-01
7.815495729446411133e-01
-7.527064532041549683e-02
5.141152739524841309e-01
7.391662597656250000e-01
-7.958230376243591309e-02
5.204116106033325195e-01
6.977398991584777832e-01
-8.091007173061370850e-02
5.160984992980957031e-01
8.296467661857604980e-01
-5.017234385013580322e-02
5.335829257965087891e-01
7.789936661720275879e-01
-6.672950834035873413e-02
5.390027761459350586e-01
7.438422441482543945e-01
-6.928233057260513306e-02
5.418344736099243164e-01
7.083941698074340820e-01
-7.115047425031661987e-02
7.561661005020141602e-01
8.448153734207153320e-01
3.087701259119057795e-07
7.901888489723205566e-01
7.908052206039428711e-01
-1.658137142658233643e-02
8.153858184814453125e-01
7.200049161911010742e-01
-3.172792866826057434e-02
8.378511667251586914e-01
6.575108766555786133e-01
-4.337101057171821594e-02
8.675085306167602539e-01
6.188688278198242188e-01
-5.648961663246154785e-02
7.964960336685180664e-01
7.638382315635681152e-01
-6.405662745237350464e-02
8.064234852790832520e-01
7.015045285224914551e-01
-9.080711007118225098e-02
8.115434646606445312e-01
6.578193306922912598e-01
-1.050269156694412231e-01
8.158583641052246094e-01
6.180109977722167969e-01
-1.145287901163101196e-01
7.601597309112548828e-01
7.777121067047119141e-01
-6.594820320606231689e-02
7.613037824630737305e-01
7.182499766349792480e-01
-9.243636578321456909e-02
7.613694071769714355e-01
6.681087613105773926e-01
-1.041269898414611816e-01
7.611492872238159180e-01
6.260935068130493164e-01
-1.146160662174224854e-01
7.253227233886718750e-01
7.863248586654663086e-01
-6.674861907958984375e-02
7.137318849563598633e-01
7.335542440414428711e-01
-9.080632776021957397e-02
7.114294767379760742e-01
6.906539797782897949e-01
-9.947663545608520508e-02
7.108791470527648926e-01
6.541855335235595703e-01
-1.060627549886703491e-01
6.937867403030395508e-01
7.909640669822692871e-01
-6.765932589769363403e-02
6.751972436904907227e-01
7.474442720413208008e-01
-8.740222454071044922e-02
6.619281768798828125e-01
7.154273390769958496e-01
-9.600610285997390747e-02
6.509217023849487305e-01
6.861014366149902344e-01
-1.028665751218795776e-01
