4.459539949893951416e-01
8.993074297904968262e-01
1.014353330219819327e-07
4.073179364204406738e-01
8.537877798080444336e-01
-2.434437721967697144e-02
3.752956390380859375e-01
7.921199798583984375e-01
-4.174490645527839661e-02
3.489634990692138672e-01
7.392327785491943359e-01
-5.540559813380241394e-02
3.160042762756347656e-01
7.088906764984130859e-01
-6.886717677116394043e-02
4.085332155227661133e-01
8.253405094146728516e-01
-5.290813371539115906e-02
4.050816595554351807e-01
7.776134014129638672e-01
-7.809913158416748047e-02
3.992484211921691895e-01
7.394351363182067871e-01
-9.153603762388229370e-02
3.972397744655609131e-01
7.006095647811889648e-01
-1.006547138094902039e-01
4.521309137344360352e-01
8.331518769264221191e-01
-5.314780026674270630e-02
4.585246443748474121e-01
7.840641736984252930e-01
-7.712597399950027466e-02
4.623742103576660156e-01
7.426946163177490234e-01
-8.794241398572921753e-02
4.692498147487640381e-01
7.041001915931701660e-01
-9.736459702253341675e-02
4.880609512329101562e-01
8.364995121955871582e-01
-5.401542410254478455e-02
5.012794733047485352e-01
7.876620292663574219e-01
-8.136988431215286255e-02
5.138342380523681641e-01
7.541089057922363281e-01
-8.808907121419906616e-02
5.253900885581970215e-01
7.212076187133789062e-01
-9.088692069053649902e-02
5.139541625976562500e-01
8.359295129776000977e-01
-5.570813268423080444e-02
5.314885973930358887e-01
7.882767915725708008e-01
-7.455807179212570190e-02
5.414749979972839355e-01
7.585415840148925781e-01
-7.872431725263595581e-02
5.516397953033447266e-01
7.293990850448608398e-01
-8.200148493051528931e-02
7.587456107139587402e-01
8.511772751808166504e-01
3.281394356235978194e-07
7.919481992721557617e-01
7.951778769493103027e-01
-1.755399070680141449e-02
8.155788779258728027e-01
7.252336740493774414e-01
-3.288997709751129150e-02
8.385367393493652344e-01
6.648801565170288086e-01
-4.456806927919387817e-02
8.706774711608886719e-01
6.306566596031188965e-01
-5.762992426753044128e-02
7.960011959075927734e-01
7.671310901641845703e-01
-6.405301392078399658e-02
8.043301701545715332e-01
7.068398594856262207e-01
-9.092878550291061401e-02
8.097958564758300781e-01
6.638538837432861328e-01
-1.054093837738037109e-01
8.157594203948974609e-01
6.238345503807067871e-01
-1.149549707770347595e-01
7.588403820991516113e-01
7.799384593963623047e-01
-6.477621942758560181e-02
7.584410309791564941e-01
7.238026857376098633e-01
-9.201735258102416992e-02
7.581944465637207031e-01
6.745881438255310059e-01
-1.043734475970268250e-01
7.583653330802917480e-01
6.327359080314636230e-01
-1.150443032383918762e-01
7.238909006118774414e-01
7.875074148178100586e-01
-6.438593566417694092e-02
7.109673619270324707e-01
7.386474013328552246e-01
-8.922363072633743286e-02
7.062700390815734863e-01
6.977130770683288574e-01
-9.915214776992797852e-02
7.030648589134216309e-01
6.628129482269287109e-01
-1.061163917183876038e-01
6.927522420883178711e-01
7.915407419204711914e-01
-6.417490541934967041e-02
6.720394492149353027e-01
7.495307922363281250e-01
-8.376698940992355347e-02
6.560065746307373047e-01
7.200110554695129395e-01
-9.298182278871536255e-02
6.418290138244628906e-01
6.924256086349487305e-01
-1.001251935958862305e-01
