4.407126009464263916e-01
9.128437042236328125e-01
9.984248094951908570e-08
4.016417562961578369e-01
8.627199530601501465e-01
-2.330558001995086670e-02
3.700103163719177246e-01
7.981177568435668945e-01
-3.935370221734046936e-02
3.438653349876403809e-01
7.435643076896667480e-01
-5.166205763816833496e-02
3.110466003417968750e-01
7.142268419265747070e-01
-6.364092975854873657e-02
4.058294892311096191e-01
8.330689668655395508e-01
-4.953986406326293945e-02
4.017057716846466064e-01
7.860091924667358398e-01
-7.346281409263610840e-02
3.953029513359069824e-01
7.471745014190673828e-01
-8.640147745609283447e-02
3.930954933166503906e-01
7.060336470603942871e-01
-9.534396231174468994e-02
4.491256475448608398e-01
8.405325412750244141e-01
-4.931930452585220337e-02
4.558722376823425293e-01
7.918841242790222168e-01
-7.197478413581848145e-02
4.593331217765808105e-01
7.484564185142517090e-01
-8.215172588825225830e-02
4.662008285522460938e-01
7.073600888252258301e-01
-9.120036661624908447e-02
4.844373464584350586e-01
8.428773880004882812e-01
-4.969545081257820129e-02
4.996560811996459961e-01
7.959792613983154297e-01
-7.523891329765319824e-02
5.115987658500671387e-01
7.607944607734680176e-01
-8.162099868059158325e-02
5.223469734191894531e-01
7.249805927276611328e-01
-8.430890738964080811e-02
5.095919370651245117e-01
8.416379094123840332e-01
-5.094850808382034302e-02
5.299313664436340332e-01
7.945636510848999023e-01
-6.832954287528991699e-02
5.402149558067321777e-01
7.639839649200439453e-01
-7.214541733264923096e-02
5.499624609947204590e-01
7.333821654319763184e-01
-7.518097013235092163e-02
7.655314803123474121e-01
8.545209169387817383e-01
3.168822217958222609e-07
7.986656427383422852e-01
7.943552732467651367e-01
-1.277160458266735077e-02
8.237825632095336914e-01
7.219604253768920898e-01
-2.625797688961029053e-02
8.473254442214965820e-01
6.634983420372009277e-01
-3.707572072744369507e-02
8.788869380950927734e-01
6.303284168243408203e-01
-4.980978742241859436e-02
8.042961955070495605e-01
7.607271671295166016e-01
-5.926369130611419678e-02
8.156498074531555176e-01
7.000125646591186523e-01
-8.423224836587905884e-02
8.218792676925659180e-01
6.586304903030395508e-01
-9.697353094816207886e-02
8.276081085205078125e-01
6.206105351448059082e-01
-1.055833399295806885e-01
7.698111534118652344e-01
7.750787138938903809e-01
-6.301571428775787354e-02
7.712484598159790039e-01
7.189271450042724609e-01
-8.946180343627929688e-02
7.722833156585693359e-01
6.710124015808105469e-01
-1.015876680612564087e-01
7.728625535964965820e-01
6.301178336143493652e-01
-1.121514439582824707e-01
7.341454625129699707e-01
7.855154275894165039e-01
-6.538390368223190308e-02
7.223849892616271973e-01
7.356951236724853516e-01
-9.063279628753662109e-02
7.200064659118652344e-01
6.953663229942321777e-01
-1.010253503918647766e-01
7.184615135192871094e-01
6.605577468872070312e-01
-1.082986965775489807e-01
7.003301382064819336e-01
7.928569316864013672e-01
-6.727198511362075806e-02
6.814628839492797852e-01
7.500604391098022461e-01
-8.822168409824371338e-02
6.679139733314514160e-01
7.206391692161560059e-01
-9.803863614797592163e-02
6.554625034332275391e-01
6.940113306045532227e-01
-1.054415404796600342e-01
