4.139397442340850830e-01
8.808146715164184570e-01
5.637511790723692684e-09
3.818704485893249512e-01
8.247974514961242676e-01
-2.313512004911899567e-02
3.512253761291503906e-01
7.619740962982177734e-01
-3.936129808425903320e-02
3.199550807476043701e-01
7.153910398483276367e-01
-5.248265713453292847e-02
2.879289686679840088e-01
6.875945925712585449e-01
-6.491084396839141846e-02
3.773974776268005371e-01
8.007113337516784668e-01
-5.555206909775733948e-02
3.608959913253784180e-01
7.607445716857910156e-01
-8.603855967521667480e-02
3.455515205860137939e-01
7.375802993774414062e-01
-1.032666191458702087e-01
3.293202519416809082e-01
7.156299948692321777e-01
-1.139680221676826477e-01
4.077616035938262939e-01
8.133985400199890137e-01
-5.616251006722450256e-02
4.046084582805633545e-01
7.789488434791564941e-01
-8.839703351259231567e-02
3.971319496631622314e-01
7.502294182777404785e-01
-1.034063920378684998e-01
3.904343247413635254e-01
7.245410084724426270e-01
-1.139729991555213928e-01
4.404753446578979492e-01
8.230752944946289062e-01
-5.720495432615280151e-02
4.522587954998016357e-01
7.899074554443359375e-01
-8.982694149017333984e-02
4.589194357395172119e-01
7.637517452239990234e-01
-9.818121790885925293e-02
4.647828340530395508e-01
7.391312122344970703e-01
-1.009545028209686279e-01
4.681427478790283203e-01
8.315441608428955078e-01
-5.909326300024986267e-02
4.842539131641387939e-01
7.979268431663513184e-01
-8.325409144163131714e-02
4.928230643272399902e-01
7.733585238456726074e-01
-9.040641784667968750e-02
5.032457709312438965e-01
7.481997013092041016e-01
-9.453648328781127930e-02
7.757859826087951660e-01
8.134415149688720703e-01
5.124581434756692033e-07
8.118462562561035156e-01
7.553344964981079102e-01
-1.268240995705127716e-02
8.425090312957763672e-01
6.841549277305603027e-01
-2.775279991328716278e-02
8.747513890266418457e-01
6.348521113395690918e-01
-3.957340121269226074e-02
9.097777605056762695e-01
6.109843254089355469e-01
-5.406536534428596497e-02
8.212270140647888184e-01
7.143023610115051270e-01
-6.896254420280456543e-02
8.473854660987854004e-01
6.458134055137634277e-01
-9.529981017112731934e-02
8.635770082473754883e-01
6.064178347587585449e-01
-1.084069386124610901e-01
8.814638257026672363e-01
5.729738473892211914e-01
-1.175370290875434875e-01
7.906233072280883789e-01
7.233831882476806641e-01
-7.403311878442764282e-02
8.033893108367919922e-01
6.668381690979003906e-01
-1.030084490776062012e-01
8.149502873420715332e-01
6.229035258293151855e-01
-1.180037409067153931e-01
8.276283740997314453e-01
5.873225331306457520e-01
-1.312787979841232300e-01
7.565965056419372559e-01
7.345736026763916016e-01
-7.653480768203735352e-02
7.523950338363647461e-01
6.896262764930725098e-01
-1.022844836115837097e-01
7.564369440078735352e-01
6.561417579650878906e-01
-1.149016171693801880e-01
7.613634467124938965e-01
6.289690732955932617e-01
-1.253819763660430908e-01
7.220041751861572266e-01
7.466041445732116699e-01
-7.829728722572326660e-02
7.061312198638916016e-01
7.105557918548583984e-01
-1.005631983280181885e-01
6.967025399208068848e-01
6.888772845268249512e-01
-1.121909245848655701e-01
6.886844635009765625e-01
6.678707003593444824e-01
-1.220349147915840149e-01
