4.455253779888153076e-01
9.201209545135498047e-01
9.066786077482902328e-08
4.058013856410980225e-01
8.725003600120544434e-01
-2.042741887271404266e-02
3.739856481552124023e-01
8.078970313072204590e-01
-3.522787615656852722e-02
3.480715453624725342e-01
7.536993026733398438e-01
-4.714734107255935669e-02
3.162301182746887207e-01
7.226343154907226562e-01
-5.888620391488075256e-02
4.126294851303100586e-01
8.330866098403930664e-01
-4.463583230972290039e-02
4.076166450977325439e-01
7.835666537284851074e-01
-6.586593389511108398e-02
3.997996747493743896e-01
7.452641129493713379e-01
-7.681684195995330811e-02
3.955859541893005371e-01
7.060164809226989746e-01
-8.435379713773727417e-02
4.544821977615356445e-01
8.411352038383483887e-01
-4.567367210984230042e-02
4.613012671470642090e-01
7.914158701896667480e-01
-6.600382924079895020e-02
4.651794135570526123e-01
7.498806715011596680e-01
-7.539314031600952148e-02
4.723243713378906250e-01
7.099284529685974121e-01
-8.374746143817901611e-02
4.891600906848907471e-01
8.454139232635498047e-01
-4.713967815041542053e-02
5.051391720771789551e-01
7.958934903144836426e-01
-7.110376656055450439e-02
5.185735225677490234e-01
7.617373466491699219e-01
-7.777339965105056763e-02
5.305734872817993164e-01
7.262754440307617188e-01
-8.067359030246734619e-02
5.142684578895568848e-01
8.463591933250427246e-01
-4.913350194692611694e-02
5.363449454307556152e-01
7.974669933319091797e-01
-6.550043821334838867e-02
5.491344928741455078e-01
7.673950791358947754e-01
-6.902669370174407959e-02
5.611866712570190430e-01
7.367284297943115234e-01
-7.169046252965927124e-02
7.740615010261535645e-01
8.567070960998535156e-01
3.635725533968070522e-07
8.067246079444885254e-01
7.991544008255004883e-01
-1.248847786337137222e-02
8.308065533638000488e-01
7.283529639244079590e-01
-2.641236037015914917e-02
8.556936383247375488e-01
6.705349683761596680e-01
-3.752721846103668213e-02
8.884285092353820801e-01
6.384958624839782715e-01
-5.057937651872634888e-02
8.155073523521423340e-01
7.638953328132629395e-01
-6.122631207108497620e-02
8.291015028953552246e-01
6.962599158287048340e-01
-8.524328470230102539e-02
8.342488408088684082e-01
6.524842977523803711e-01
-9.656476229429244995e-02
8.393714427947998047e-01
6.127907633781433105e-01
-1.044541746377944946e-01
7.826027274131774902e-01
7.751447558403015137e-01
-6.518679857254028320e-02
7.857239246368408203e-01
7.159746289253234863e-01
-9.218356013298034668e-02
7.865892648696899414e-01
6.661129593849182129e-01
-1.047830581665039062e-01
7.869935631752014160e-01
6.234674453735351562e-01
-1.155585050582885742e-01
7.474912405014038086e-01
7.861641049385070801e-01
-6.721617281436920166e-02
7.368590235710144043e-01
7.344282269477844238e-01
-9.232489019632339478e-02
7.336754202842712402e-01
6.936256289482116699e-01
-1.028938367962837219e-01
7.309491634368896484e-01
6.591705083847045898e-01
-1.103516072034835815e-01
7.135791778564453125e-01
7.961490750312805176e-01
-6.856524199247360229e-02
6.957410573959350586e-01
7.535854578018188477e-01
-8.993704617023468018e-02
6.814484596252441406e-01
7.251406311988830566e-01
-9.993720799684524536e-02
6.673760414123535156e-01
6.987785100936889648e-01
-1.073345541954040527e-01
