4.582150876522064209e-01
9.301947951316833496e-01
1.308089707663384615e-07
4.233571290969848633e-01
8.779293298721313477e-01
-2.015327103435993195e-02
3.954523205757141113e-01
8.138508200645446777e-01
-3.509220108389854431e-02
3.705293834209442139e-01
7.598844170570373535e-01
-4.697738215327262878e-02
3.385977745056152344e-01
7.335358262062072754e-01
-5.875310674309730530e-02
4.333340227603912354e-01
8.414943218231201172e-01
-4.579429328441619873e-02
4.331984221935272217e-01
7.900815606117248535e-01
-6.723223626613616943e-02
4.293402433395385742e-01
7.502618432044982910e-01
-7.850451767444610596e-02
4.281660616397857666e-01
7.112745046615600586e-01
-8.602751791477203369e-02
4.743942022323608398e-01
8.530912399291992188e-01
-4.634155333042144775e-02
4.839694499969482422e-01
7.973639965057373047e-01
-6.624980270862579346e-02
4.902125895023345947e-01
7.512355446815490723e-01
-7.501590251922607422e-02
4.995255470275878906e-01
7.107256650924682617e-01
-8.290932327508926392e-02
5.081391334533691406e-01
8.605650663375854492e-01
-4.730154573917388916e-02
5.272990465164184570e-01
8.092609047889709473e-01
-6.967865675687789917e-02
5.421955585479736328e-01
7.715475559234619141e-01
-7.617636770009994507e-02
5.551440715789794922e-01
7.356441617012023926e-01
-7.913197576999664307e-02
5.323297977447509766e-01
8.633773326873779297e-01
-4.882141575217247009e-02
5.560057759284973145e-01
8.154810070991516113e-01
-6.373774260282516479e-02
5.682138204574584961e-01
7.845462560653686523e-01
-6.696791201829910278e-02
5.786629319190979004e-01
7.533058524131774902e-01
-6.959848850965499878e-02
7.940313816070556641e-01
8.848727941513061523e-01
3.472892160516494187e-07
8.244450092315673828e-01
8.289372324943542480e-01
-1.212747115641832352e-02
8.476526737213134766e-01
7.601698040962219238e-01
-2.580092288553714752e-02
8.725936412811279297e-01
7.072306275367736816e-01
-3.655846044421195984e-02
9.054753780364990234e-01
6.813672780990600586e-01
-4.936537891626358032e-02
8.300051689147949219e-01
7.887532114982604980e-01
-6.200685724616050720e-02
8.452185392379760742e-01
7.210202813148498535e-01
-8.618921786546707153e-02
8.518252968788146973e-01
6.784962415695190430e-01
-9.787987917661666870e-02
8.579627871513366699e-01
6.401934027671813965e-01
-1.060296893119812012e-01
7.999576330184936523e-01
8.015400767326354980e-01
-6.649389863014221191e-02
8.038465380668640137e-01
7.413397431373596191e-01
-9.300783276557922363e-02
8.064442276954650879e-01
6.931183338165283203e-01
-1.056986227631568909e-01
8.085873126983642578e-01
6.506847143173217773e-01
-1.165968254208564758e-01
7.671563029289245605e-01
8.141621947288513184e-01
-6.901133060455322266e-02
7.574694156646728516e-01
7.638370990753173828e-01
-9.420207887887954712e-02
7.545865178108215332e-01
7.245908379554748535e-01
-1.058368310332298279e-01
7.525333166122436523e-01
6.903345584869384766e-01
-1.139995306730270386e-01
7.347321510314941406e-01
8.256933093070983887e-01
-7.076363265514373779e-02
7.160499095916748047e-01
7.820629477500915527e-01
-9.270861744880676270e-02
7.022029161453247070e-01
7.546253204345703125e-01
-1.033868119120597839e-01
6.887667179107666016e-01
7.293868660926818848e-01
-1.111952736973762512e-01
