4.663473963737487793e-01
9.327613115310668945e-01
1.117742698397705681e-07
4.350764751434326172e-01
8.777725696563720703e-01
-1.713726855814456940e-02
4.107781350612640381e-01
8.116434216499328613e-01
-3.065937198698520660e-02
3.897130787372589111e-01
7.569253444671630859e-01
-4.179532825946807861e-02
3.601908087730407715e-01
7.266287803649902344e-01
-5.299741029739379883e-02
4.476404786109924316e-01
8.409535288810729980e-01
-3.981903195381164551e-02
4.484689235687255859e-01
7.880573868751525879e-01
-5.841783061623573303e-02
4.453771114349365234e-01
7.473443746566772461e-01
-6.827739626169204712e-02
4.456127583980560303e-01
7.070693969726562500e-01
-7.492792606353759766e-02
4.849703311920166016e-01
8.571070432662963867e-01
-4.168716445565223694e-02
4.979661107063293457e-01
8.005717396736145020e-01
-5.919807776808738708e-02
5.060319304466247559e-01
7.545497417449951172e-01
-6.697677075862884521e-02
5.170574784278869629e-01
7.141807079315185547e-01
-7.397034019231796265e-02
5.162387490272521973e-01
8.684446215629577637e-01
-4.375404119491577148e-02
5.405791401863098145e-01
8.135966658592224121e-01
-6.322073191404342651e-02
5.564934015274047852e-01
7.742434144020080566e-01
-6.826356053352355957e-02
5.700702071189880371e-01
7.368206977844238281e-01
-7.039462774991989136e-02
5.390577912330627441e-01
8.751195073127746582e-01
-4.628534987568855286e-02
5.666440725326538086e-01
8.257817625999450684e-01
-5.861410871148109436e-02
5.812601447105407715e-01
7.943671941757202148e-01
-5.969204753637313843e-02
5.935169458389282227e-01
7.634474039077758789e-01
-6.071253120899200439e-02
7.985059618949890137e-01
8.986675739288330078e-01
3.450508643254579511e-07
8.315371870994567871e-01
8.438671827316284180e-01
-1.082547940313816071e-02
8.568753600120544434e-01
7.744975090026855469e-01
-2.394324168562889099e-02
8.816791772842407227e-01
7.198969721794128418e-01
-3.431707993149757385e-02
9.145832061767578125e-01
6.937425732612609863e-01
-4.680030792951583862e-02
8.420147895812988281e-01
8.012044429779052734e-01
-5.946199595928192139e-02
8.573782444000244141e-01
7.327994704246520996e-01
-8.247337490320205688e-02
8.628565073013305664e-01
6.887486577033996582e-01
-9.306436777114868164e-02
8.674710392951965332e-01
6.501303315162658691e-01
-1.004654020071029663e-01
8.109403252601623535e-01
8.119041919708251953e-01
-6.419024616479873657e-02
8.161216378211975098e-01
7.495580911636352539e-01
-9.035149216651916504e-02
8.177427053451538086e-01
7.008185386657714844e-01
-1.025149226188659668e-01
8.186374902725219727e-01
6.597971916198730469e-01
-1.126523911952972412e-01
7.768574357032775879e-01
8.231015205383300781e-01
-6.683325767517089844e-02
7.666463851928710938e-01
7.690274119377136230e-01
-9.178578853607177734e-02
7.651658058166503906e-01
7.292041182518005371e-01
-1.032553985714912415e-01
7.644155025482177734e-01
6.951240897178649902e-01
-1.112378239631652832e-01
7.441037297248840332e-01
8.338434100151062012e-01
-6.847985088825225830e-02
7.275261282920837402e-01
7.895226478576660156e-01
-9.045479446649551392e-02
7.141362428665161133e-01
7.614207863807678223e-01
-1.010091677308082581e-01
7.009434103965759277e-01
7.341814637184143066e-01
-1.086126342415809631e-01
