4.687124788761138916e-01
9.278543591499328613e-01
1.121286388183762028e-07
4.378618597984313965e-01
8.749113678932189941e-01
-1.832244917750358582e-02
4.122201800346374512e-01
8.099797964096069336e-01
-3.250976279377937317e-02
3.910554945468902588e-01
7.553582191467285156e-01
-4.404003918170928955e-02
3.629664778709411621e-01
7.231777906417846680e-01
-5.559830367565155029e-02
4.485037624835968018e-01
8.420584797859191895e-01
-4.140210896730422974e-02
4.508849382400512695e-01
7.888651490211486816e-01
-5.989899486303329468e-02
4.485106468200683594e-01
7.483992576599121094e-01
-6.955417990684509277e-02
4.489763677120208740e-01
7.081196308135986328e-01
-7.613318413496017456e-02
4.870892465114593506e-01
8.576664328575134277e-01
-4.265628382563591003e-02
5.012284517288208008e-01
8.028262257575988770e-01
-5.949410423636436462e-02
5.092164874076843262e-01
7.575731873512268066e-01
-6.702715903520584106e-02
5.200904607772827148e-01
7.173005342483520508e-01
-7.428225874900817871e-02
5.192447900772094727e-01
8.681728243827819824e-01
-4.416803270578384399e-02
5.451421737670898438e-01
8.152314424514770508e-01
-6.347460299730300903e-02
5.619161725044250488e-01
7.767114043235778809e-01
-6.837370991706848145e-02
5.765339136123657227e-01
7.399974465370178223e-01
-7.077774405479431152e-02
5.427845716476440430e-01
8.735140562057495117e-01
-4.613519459962844849e-02
5.704972147941589355e-01
8.254240155220031738e-01
-5.854983255267143250e-02
5.852405428886413574e-01
7.939885258674621582e-01
-5.952172726392745972e-02
5.980967283248901367e-01
7.626299858093261719e-01
-6.078926846385002136e-02
8.010972142219543457e-01
8.978120684623718262e-01
3.526380112361948704e-07
8.334167599678039551e-01
8.447044491767883301e-01
-1.194569002836942673e-02
8.612779378890991211e-01
7.774678468704223633e-01
-2.513945847749710083e-02
8.892714381217956543e-01
7.259987592697143555e-01
-3.547902032732963562e-02
9.226350188255310059e-01
7.044457197189331055e-01
-4.812326654791831970e-02
8.448482751846313477e-01
8.089593648910522461e-01
-6.164365634322166443e-02
8.616407513618469238e-01
7.423854470252990723e-01
-8.427619189023971558e-02
8.676384091377258301e-01
6.980373263359069824e-01
-9.457282721996307373e-02
8.729605078697204590e-01
6.586944460868835449e-01
-1.017685458064079285e-01
8.137387037277221680e-01
8.187466263771057129e-01
-6.610541045665740967e-02
8.199678659439086914e-01
7.569417357444763184e-01
-9.120672941207885742e-02
8.230534195899963379e-01
7.067327499389648438e-01
-1.030342131853103638e-01
8.256155252456665039e-01
6.628193259239196777e-01
-1.132949292659759521e-01
7.801403999328613281e-01
8.281456232070922852e-01
-6.845781952142715454e-02
7.728875875473022461e-01
7.783046364784240723e-01
-9.199461340904235840e-02
7.712183594703674316e-01
7.377555370330810547e-01
-1.033384054899215698e-01
7.702182531356811523e-01
7.020413875579833984e-01
-1.116604804992675781e-01
7.472176551818847656e-01
8.368366956710815430e-01
-7.012152671813964844e-02
7.307559847831726074e-01
7.939626574516296387e-01
-9.015487879514694214e-02
7.179793715476989746e-01
7.673111557960510254e-01
-9.974703937768936157e-02
7.056942582130432129e-01
7.423411607742309570e-01
-1.071830987930297852e-01
