4.691647887229919434e-01
9.310677051544189453e-01
1.005646339535815059e-07
4.376862049102783203e-01
8.764667510986328125e-01
-1.722101308405399323e-02
4.140102267265319824e-01
8.113049864768981934e-01
-3.096958249807357788e-02
3.929899632930755615e-01
7.571476101875305176e-01
-4.224884137511253357e-02
3.627571165561676025e-01
7.280911803245544434e-01
-5.366016179323196411e-02
4.511933922767639160e-01
8.409042358398437500e-01
-4.017018899321556091e-02
4.530152082443237305e-01
7.905970811843872070e-01
-5.879050120711326599e-02
4.489628970623016357e-01
7.507854104042053223e-01
-6.876716017723083496e-02
4.483013749122619629e-01
7.107282876968383789e-01
-7.549885660409927368e-02
4.894458651542663574e-01
8.568902611732482910e-01
-4.186042025685310364e-02
5.022562146186828613e-01
8.032899498939514160e-01
-5.935455858707427979e-02
5.094041824340820312e-01
7.585963606834411621e-01
-6.749923527240753174e-02
5.199617743492126465e-01
7.187830805778503418e-01
-7.492195069789886475e-02
5.205991268157958984e-01
8.675373792648315430e-01
-4.363538697361946106e-02
5.454584360122680664e-01
8.150662779808044434e-01
-6.370584666728973389e-02
5.613763332366943359e-01
7.774475812911987305e-01
-6.953237205743789673e-02
5.749471783638000488e-01
7.412316203117370605e-01
-7.220912724733352661e-02
5.422913432121276855e-01
8.731440305709838867e-01
-4.570957273244857788e-02
5.702021121978759766e-01
8.250520229339599609e-01
-5.842893570661544800e-02
5.845628380775451660e-01
7.947457432746887207e-01
-5.988664925098419189e-02
5.967248082160949707e-01
7.643717527389526367e-01
-6.131592020392417908e-02
8.034036755561828613e-01
9.034479260444641113e-01
3.735786719971656566e-07
8.362712264060974121e-01
8.474374413490295410e-01
-1.087625231593847275e-02
8.626432418823242188e-01
7.802594304084777832e-01
-2.376396954059600830e-02
8.883204460144042969e-01
7.289850711822509766e-01
-3.405207395553588867e-02
9.207356572151184082e-01
7.042641639709472656e-01
-4.653098806738853455e-02
8.473439812660217285e-01
8.064272999763488770e-01
-5.833401158452033997e-02
8.639113903045654297e-01
7.407127022743225098e-01
-8.090295642614364624e-02
8.712401390075683594e-01
6.985166668891906738e-01
-9.113537520170211792e-02
8.775103688240051270e-01
6.603341698646545410e-01
-9.811326116323471069e-02
8.170415759086608887e-01
8.169984221458435059e-01
-6.311699748039245605e-02
8.224837183952331543e-01
7.577925920486450195e-01
-8.938782662153244019e-02
8.260250687599182129e-01
7.095395922660827637e-01
-1.021412238478660583e-01
8.290239572525024414e-01
6.675210595130920410e-01
-1.126728504896163940e-01
7.831493020057678223e-01
8.280494213104248047e-01
-6.585514545440673828e-02
7.745264768600463867e-01
7.802067399024963379e-01
-9.132052958011627197e-02
7.731245160102844238e-01
7.413343191146850586e-01
-1.035062223672866821e-01
7.725710868835449219e-01
7.069386839866638184e-01
-1.116417720913887024e-01
7.496667504310607910e-01
8.382664918899536133e-01
-6.757277250289916992e-02
7.325078845024108887e-01
7.953059077262878418e-01
-8.939202129840850830e-02
7.197974920272827148e-01
7.680045366287231445e-01
-9.992660582065582275e-02
7.071121335029602051e-01
7.414976954460144043e-01
-1.074665561318397522e-01
