4.712511301040649414e-01
9.277348518371582031e-01
1.295079243845975725e-07
4.392433762550354004e-01
8.751865029335021973e-01
-1.942237280309200287e-02
4.136552810668945312e-01
8.120103478431701660e-01
-3.462960943579673767e-02
3.919244110584259033e-01
7.587581872940063477e-01
-4.702699929475784302e-02
3.633948564529418945e-01
7.264996170997619629e-01
-5.948467552661895752e-02
4.495808780193328857e-01
8.416521549224853516e-01
-4.495314508676528931e-02
4.521140456199645996e-01
7.900502085685729980e-01
-6.560418009757995605e-02
4.498241543769836426e-01
7.506223320960998535e-01
-7.642635703086853027e-02
4.506552815437316895e-01
7.110261917114257812e-01
-8.367747068405151367e-02
4.888669252395629883e-01
8.554431200027465820e-01
-4.598824307322502136e-02
5.019364356994628906e-01
8.018583059310913086e-01
-6.473974138498306274e-02
5.094119906425476074e-01
7.572736144065856934e-01
-7.304152846336364746e-02
5.197408795356750488e-01
7.174637317657470703e-01
-8.081834018230438232e-02
5.214970707893371582e-01
8.644891381263732910e-01
-4.729738458991050720e-02
5.453472137451171875e-01
8.130649924278259277e-01
-6.805496662855148315e-02
5.608283281326293945e-01
7.762370705604553223e-01
-7.332830876111984253e-02
5.739875435829162598e-01
7.406768798828125000e-01
-7.597535848617553711e-02
5.450548529624938965e-01
8.691241741180419922e-01
-4.920773953199386597e-02
5.713799595832824707e-01
8.234834671020507812e-01
-6.305023282766342163e-02
5.852096080780029297e-01
7.938852310180664062e-01
-6.515695899724960327e-02
5.971281528472900391e-01
7.642917037010192871e-01
-6.709996610879898071e-02
8.022941946983337402e-01
9.031229019165039062e-01
3.874748415455542272e-07
8.372441530227661133e-01
8.479791879653930664e-01
-1.209277193993330002e-02
8.644868731498718262e-01
7.793418169021606445e-01
-2.631738781929016113e-02
8.907363414764404297e-01
7.270430922508239746e-01
-3.761515766382217407e-02
9.246569871902465820e-01
7.035963535308837891e-01
-5.096587538719177246e-02
8.472719788551330566e-01
8.086086511611938477e-01
-6.292828917503356934e-02
8.629767894744873047e-01
7.402049303054809570e-01
-8.755227923393249512e-02
8.702926635742187500e-01
6.969571709632873535e-01
-9.912522137165069580e-02
8.771616816520690918e-01
6.581461429595947266e-01
-1.071758940815925598e-01
8.166750669479370117e-01
8.187488913536071777e-01
-6.778997927904129028e-02
8.232995271682739258e-01
7.579475045204162598e-01
-9.696730226278305054e-02
8.270158767700195312e-01
7.080978751182556152e-01
-1.113795638084411621e-01
8.301221132278442383e-01
6.651613712310791016e-01
-1.229292526841163635e-01
7.830491065979003906e-01
8.290974497795104980e-01
-7.038937509059906006e-02
7.748772501945495605e-01
7.782644033432006836e-01
-9.786029160022735596e-02
7.745573520660400391e-01
7.377985715866088867e-01
-1.108916029334068298e-01
7.746675610542297363e-01
7.025298476219177246e-01
-1.196265220642089844e-01
7.499688863754272461e-01
8.380280733108520508e-01
-7.201014459133148193e-02
7.339035272598266602e-01
7.951862812042236328e-01
-9.545899182558059692e-02
7.213270664215087891e-01
7.676800489425659180e-01
-1.068685874342918396e-01
7.086870670318603516e-01
7.406626343727111816e-01
-1.150380671024322510e-01
