4.411788582801818848e-01
9.332189559936523438e-01
1.121150887684052577e-07
4.063113033771514893e-01
8.838984370231628418e-01
-1.898493804037570953e-02
3.777251243591308594e-01
8.232816457748413086e-01
-3.355716541409492493e-02
3.529757559299468994e-01
7.710177302360534668e-01
-4.570436477661132812e-02
3.214259147644042969e-01
7.409766316413879395e-01
-5.755265802145004272e-02
4.107505679130554199e-01
8.426686525344848633e-01
-4.042795300483703613e-02
4.058580994606018066e-01
7.905195951461791992e-01
-6.044654548168182373e-02
3.984231650829315186e-01
7.513219714164733887e-01
-7.123430073261260986e-02
3.939898610115051270e-01
7.130935192108154297e-01
-7.875796407461166382e-02
4.489211440086364746e-01
8.533733487129211426e-01
-4.176900908350944519e-02
4.539938569068908691e-01
8.003744482994079590e-01
-6.153318285942077637e-02
4.568646848201751709e-01
7.568899393081665039e-01
-7.108717411756515503e-02
4.627083539962768555e-01
7.162841558456420898e-01
-7.921908050775527954e-02
4.819868505001068115e-01
8.611236810684204102e-01
-4.361609742045402527e-02
4.986914992332458496e-01
8.082259893417358398e-01
-6.567189842462539673e-02
5.109310150146484375e-01
7.708780765533447266e-01
-7.171007990837097168e-02
5.206638574600219727e-01
7.335196137428283691e-01
-7.446918636560440063e-02
5.071216225624084473e-01
8.658979535102844238e-01
-4.609761014580726624e-02
5.301040410995483398e-01
8.202298283576965332e-01
-6.076962500810623169e-02
5.411120653152465820e-01
7.913491129875183105e-01
-6.358853727579116821e-02
5.494958758354187012e-01
7.612732648849487305e-01
-6.577994674444198608e-02
7.887783646583557129e-01
8.791449069976806641e-01
4.569263012399460422e-07
8.205497860908508301e-01
8.206354379653930664e-01
-1.139819528907537460e-02
8.436125516891479492e-01
7.498959898948669434e-01
-2.555034495890140533e-02
8.686941266059875488e-01
6.958109140396118164e-01
-3.667420521378517151e-02
9.021409749984741211e-01
6.701375842094421387e-01
-4.992711171507835388e-02
8.282420039176940918e-01
7.802617549896240234e-01
-6.262584030628204346e-02
8.422976136207580566e-01
7.090346217155456543e-01
-8.627147972583770752e-02
8.478806614875793457e-01
6.645650267601013184e-01
-9.714201092720031738e-02
8.542304039001464844e-01
6.252840757369995117e-01
-1.044876426458358765e-01
7.978955507278442383e-01
7.905807495117187500e-01
-6.663043051958084106e-02
8.031390905380249023e-01
7.292017340660095215e-01
-9.299750626087188721e-02
8.053145408630371094e-01
6.780385971069335938e-01
-1.052111238241195679e-01
8.081319928169250488e-01
6.354417204856872559e-01
-1.155000403523445129e-01
7.646248936653137207e-01
8.031544089317321777e-01
-6.827409565448760986e-02
7.555946707725524902e-01
7.551860809326171875e-01
-9.179842472076416016e-02
7.535493373870849609e-01
7.154058218002319336e-01
-1.028766855597496033e-01
7.534075379371643066e-01
6.820181012153625488e-01
-1.110821515321731567e-01
7.320463657379150391e-01
8.165143728256225586e-01
-6.909766048192977905e-02
7.128564715385437012e-01
7.803735733032226562e-01
-8.942874521017074585e-02
7.009904384613037109e-01
7.568404674530029297e-01
-9.973993897438049316e-02
6.911665797233581543e-01
7.335503101348876953e-01
-1.075007766485214233e-01
