4.108141362667083740e-01
8.732493519783020020e-01
3.478634269526992284e-08
3.773774206638336182e-01
8.230293989181518555e-01
-2.624428831040859222e-02
3.450774252414703369e-01
7.628191709518432617e-01
-4.400947317481040955e-02
3.138826787471771240e-01
7.152181267738342285e-01
-5.797686427831649780e-02
2.813619077205657959e-01
6.864811778068542480e-01
-7.120017707347869873e-02
3.712018728256225586e-01
7.983193397521972656e-01
-6.179313734173774719e-02
3.564997315406799316e-01
7.589318752288818359e-01
-9.381762146949768066e-02
3.422933220863342285e-01
7.320911288261413574e-01
-1.116113141179084778e-01
3.290910720825195312e-01
7.054901123046875000e-01
-1.233674585819244385e-01
4.029738306999206543e-01
8.091564774513244629e-01
-6.193900108337402344e-02
3.991368114948272705e-01
7.761766910552978516e-01
-9.684550762176513672e-02
3.923397362232208252e-01
7.465221881866455078e-01
-1.132053285837173462e-01
3.875605165958404541e-01
7.187669277191162109e-01
-1.250335574150085449e-01
4.363998770713806152e-01
8.166364431381225586e-01
-6.255540996789932251e-02
4.488956332206726074e-01
7.850158810615539551e-01
-9.857200831174850464e-02
4.566821455955505371e-01
7.588188648223876953e-01
-1.091174036264419556e-01
4.640718698501586914e-01
7.337178587913513184e-01
-1.134598627686500549e-01
4.650491774082183838e-01
8.234757184982299805e-01
-6.414050608873367310e-02
4.827305078506469727e-01
7.923476099967956543e-01
-9.293936192989349365e-02
4.922776520252227783e-01
7.700200080871582031e-01
-1.033591106534004211e-01
5.034341812133789062e-01
7.457433342933654785e-01
-1.097032502293586731e-01
7.711431384086608887e-01
8.088158369064331055e-01
5.038627364228887018e-07
8.078215122222900391e-01
7.501391768455505371e-01
-1.134759839624166489e-02
8.373355865478515625e-01
6.763598918914794922e-01
-2.425569668412208557e-02
8.666097521781921387e-01
6.270225644111633301e-01
-3.380021825432777405e-02
9.002131223678588867e-01
6.043205857276916504e-01
-4.568694904446601868e-02
8.140535950660705566e-01
7.045069336891174316e-01
-6.389583647251129150e-02
8.367013931274414062e-01
6.351156830787658691e-01
-8.598043024539947510e-02
8.503562211990356445e-01
5.949770808219909668e-01
-9.595730155706405640e-02
8.659703135490417480e-01
5.598872303962707520e-01
-1.031408831477165222e-01
7.827718853950500488e-01
7.122802138328552246e-01
-6.778521090745925903e-02
7.951237559318542480e-01
6.553356647491455078e-01
-9.306775778532028198e-02
8.046755194664001465e-01
6.099768280982971191e-01
-1.057146340608596802e-01
8.158895969390869141e-01
5.724356770515441895e-01
-1.169063076376914978e-01
7.482239007949829102e-01
7.221361398696899414e-01
-6.893797218799591064e-02
7.440114617347717285e-01
6.782889962196350098e-01
-9.206637740135192871e-02
7.470295429229736328e-01
6.461206674575805664e-01
-1.036782860755920410e-01
7.517297863960266113e-01
6.193358898162841797e-01
-1.129814833402633667e-01
7.136797904968261719e-01
7.335318326950073242e-01
-6.915681809186935425e-02
6.968308687210083008e-01
7.006738185882568359e-01
-8.943791687488555908e-02
6.872202754020690918e-01
6.820563077926635742e-01
-1.000848859548568726e-01
6.800090074539184570e-01
6.624345779418945312e-01
-1.087641045451164246e-01
