4.685533046722412109e-01
9.280548691749572754e-01
1.385106997986440547e-07
4.349381625652313232e-01
8.767817020416259766e-01
-2.001376450061798096e-02
4.077373147010803223e-01
8.152676820755004883e-01
-3.559594973921775818e-02
3.841182589530944824e-01
7.621949315071105957e-01
-4.830766096711158752e-02
3.540270924568176270e-01
7.313486933708190918e-01
-6.109635904431343079e-02
4.438636302947998047e-01
8.473011851310729980e-01
-4.674011468887329102e-02
4.443858563899993896e-01
7.936825752258300781e-01
-6.737162172794342041e-02
4.416151344776153564e-01
7.531160116195678711e-01
-7.777892053127288818e-02
4.418647587299346924e-01
7.136285305023193359e-01
-8.467866480350494385e-02
4.831158220767974854e-01
8.612447381019592285e-01
-4.757948219776153564e-02
4.932695031166076660e-01
8.068336844444274902e-01
-6.744486093521118164e-02
5.002389550209045410e-01
7.616741061210632324e-01
-7.562308758497238159e-02
5.103588104248046875e-01
7.218884229660034180e-01
-8.296398818492889404e-02
5.156216025352478027e-01
8.698722124099731445e-01
-4.860788583755493164e-02
5.376488566398620605e-01
8.166781663894653320e-01
-7.065699249505996704e-02
5.529115200042724609e-01
7.782200574874877930e-01
-7.540891319513320923e-02
5.664114952087402344e-01
7.416824102401733398e-01
-7.726416736841201782e-02
5.385279655456542969e-01
8.742180466651916504e-01
-5.018964409828186035e-02
5.657360553741455078e-01
8.287352919578552246e-01
-6.457073241472244263e-02
5.805192589759826660e-01
7.993636727333068848e-01
-6.597212702035903931e-02
5.932129025459289551e-01
7.702325582504272461e-01
-6.722411513328552246e-02
8.101072311401367188e-01
8.876826763153076172e-01
3.772624950215686113e-07
8.430578708648681641e-01
8.301725983619689941e-01
-8.291875943541526794e-03
8.689530491828918457e-01
7.626433968544006348e-01
-2.049364708364009857e-02
8.943791389465332031e-01
7.116494774818420410e-01
-3.104264847934246063e-02
9.286778569221496582e-01
6.882149577140808105e-01
-4.409202188253402710e-02
8.579045534133911133e-01
7.885673642158508301e-01
-5.418280512094497681e-02
8.766241669654846191e-01
7.205096483230590820e-01
-7.696289569139480591e-02
8.844530582427978516e-01
6.774218082427978516e-01
-8.813407272100448608e-02
8.909467458724975586e-01
6.396894454956054688e-01
-9.614423662424087524e-02
8.293046951293945312e-01
8.000333309173583984e-01
-6.154202669858932495e-02
8.386439681053161621e-01
7.416480779647827148e-01
-8.760628849267959595e-02
8.430245518684387207e-01
6.938846707344055176e-01
-1.009598970413208008e-01
8.467980027198791504e-01
6.509588956832885742e-01
-1.122887954115867615e-01
7.950197458267211914e-01
8.139453530311584473e-01
-6.689184904098510742e-02
7.912821173667907715e-01
7.671412229537963867e-01
-9.211476147174835205e-02
7.921162247657775879e-01
7.291864156723022461e-01
-1.044447273015975952e-01
7.945641875267028809e-01
6.928372979164123535e-01
-1.135747432708740234e-01
7.583385109901428223e-01
8.278065323829650879e-01
-7.110470533370971680e-02
7.458181381225585938e-01
7.920429110527038574e-01
-9.377337247133255005e-02
7.370906472206115723e-01
7.684168219566345215e-01
-1.042888164520263672e-01
7.291522026062011719e-01
7.432382106781005859e-01
-1.122119128704071045e-01
