4.594557583332061768e-01
9.400370121002197266e-01
1.286073967321499367e-07
4.254724085330963135e-01
8.854790925979614258e-01
-1.795121282339096069e-02
3.990623950958251953e-01
8.207990527153015137e-01
-3.207428008317947388e-02
3.767159879207611084e-01
7.673512697219848633e-01
-4.357760399580001831e-02
3.469355106353759766e-01
7.369101047515869141e-01
-5.490025877952575684e-02
4.348307251930236816e-01
8.488304018974304199e-01
-4.180515557527542114e-02
4.348849058151245117e-01
7.956447005271911621e-01
-6.126775592565536499e-02
4.315170347690582275e-01
7.549583911895751953e-01
-7.140975445508956909e-02
4.315573871135711670e-01
7.151731848716735840e-01
-7.833260297775268555e-02
4.756405949592590332e-01
8.626082539558410645e-01
-4.322457313537597656e-02
4.853856861591339111e-01
8.087396621704101562e-01
-6.229842081665992737e-02
4.919917881488800049e-01
7.632831335067749023e-01
-7.091119885444641113e-02
5.016508102416992188e-01
7.227516174316406250e-01
-7.848019152879714966e-02
5.096055865287780762e-01
8.710842728614807129e-01
-4.474462941288948059e-02
5.306737422943115234e-01
8.179457187652587891e-01
-6.586232036352157593e-02
5.460033416748046875e-01
7.805389165878295898e-01
-7.089141011238098145e-02
5.590326189994812012e-01
7.441661953926086426e-01
-7.298558950424194336e-02
5.340417623519897461e-01
8.749809861183166504e-01
-4.669991880655288696e-02
5.602331757545471191e-01
8.286843299865722656e-01
-6.032334268093109131e-02
5.732988715171813965e-01
7.995637059211730957e-01
-6.179453805088996887e-02
5.842052102088928223e-01
7.698740959167480469e-01
-6.307660043239593506e-02
8.070088624954223633e-01
8.902136683464050293e-01
4.191903428818477551e-07
8.381975293159484863e-01
8.352199196815490723e-01
-1.032785139977931976e-02
8.624135255813598633e-01
7.656711935997009277e-01
-2.433874458074569702e-02
8.876329064369201660e-01
7.113603949546813965e-01
-3.575922548770904541e-02
9.221780896186828613e-01
6.877869367599487305e-01
-4.948880150914192200e-02
8.528764843940734863e-01
7.925454378128051758e-01
-6.134561821818351746e-02
8.706063628196716309e-01
7.207354903221130371e-01
-8.564483374357223511e-02
8.781425356864929199e-01
6.762283444404602051e-01
-9.721965342760086060e-02
8.845512866973876953e-01
6.386179924011230469e-01
-1.052317172288894653e-01
8.231639862060546875e-01
8.041025996208190918e-01
-6.743782758712768555e-02
8.315618634223937988e-01
7.441719174385070801e-01
-9.664522856473922729e-02
8.358389735221862793e-01
6.932536363601684570e-01
-1.115285679697990417e-01
8.387777805328369141e-01
6.501635313034057617e-01
-1.236407235264778137e-01
7.886607646942138672e-01
8.168960809707641602e-01
-7.108958065509796143e-02
7.836005687713623047e-01
7.695150375366210938e-01
-9.794265776872634888e-02
7.844067811965942383e-01
7.291183471679687500e-01
-1.113744154572486877e-01
7.855185866355895996e-01
6.935234665870666504e-01
-1.209753006696701050e-01
7.531896829605102539e-01
8.291282653808593750e-01
-7.355902343988418579e-02
7.390794754028320312e-01
7.901567816734313965e-01
-9.677292406558990479e-02
7.296356558799743652e-01
7.654742002487182617e-01
-1.082089170813560486e-01
7.203515768051147461e-01
7.403876185417175293e-01
-1.167450472712516785e-01
