4.119451940059661865e-01
8.753381371498107910e-01
2.846408087009422161e-08
3.768271505832672119e-01
8.237589597702026367e-01
-2.230390161275863647e-02
3.447740077972412109e-01
7.616732120513916016e-01
-3.711907565593719482e-02
3.140152692794799805e-01
7.150031328201293945e-01
-4.892337694764137268e-02
2.811452150344848633e-01
6.899031996726989746e-01
-6.000875681638717651e-02
3.714939057826995850e-01
7.963594198226928711e-01
-5.085362121462821960e-02
3.585546016693115234e-01
7.563670873641967773e-01
-7.954549789428710938e-02
3.454267382621765137e-01
7.296386361122131348e-01
-9.585109353065490723e-02
3.325890898704528809e-01
7.036160230636596680e-01
-1.063433811068534851e-01
4.042589068412780762e-01
8.083360791206359863e-01
-5.165043100714683533e-02
4.015905559062957764e-01
7.735931873321533203e-01
-8.066186308860778809e-02
3.962264358997344971e-01
7.427466511726379395e-01
-9.389299899339675903e-02
3.917757570743560791e-01
7.143787145614624023e-01
-1.036537513136863708e-01
4.380197227001190186e-01
8.181650638580322266e-01
-5.313878133893013000e-02
4.502607882022857666e-01
7.841017246246337891e-01
-8.457239717245101929e-02
4.583100676536560059e-01
7.567431926727294922e-01
-9.251929819583892822e-02
4.646921753883361816e-01
7.300106287002563477e-01
-9.511164575815200806e-02
4.664819836616516113e-01
8.270349502563476562e-01
-5.543116852641105652e-02
4.847024977207183838e-01
7.932530045509338379e-01
-8.045782893896102905e-02
4.945159554481506348e-01
7.705710530281066895e-01
-8.784732967615127563e-02
5.046699047088623047e-01
7.459814548492431641e-01
-9.189941734075546265e-02
7.695425152778625488e-01
8.078499436378479004e-01
4.834606670556240715e-07
8.061257600784301758e-01
7.498255372047424316e-01
-1.030742004513740540e-02
8.352125287055969238e-01
6.787413954734802246e-01
-2.314954623579978943e-02
8.631173372268676758e-01
6.297808885574340820e-01
-3.369392082095146179e-02
8.969588279724121094e-01
6.067009568214416504e-01
-4.659006372094154358e-02
8.144434094429016113e-01
7.070513963699340820e-01
-6.055876240134239197e-02
8.353644609451293945e-01
6.363736391067504883e-01
-8.406104892492294312e-02
8.482899069786071777e-01
5.950236320495605469e-01
-9.523103386163711548e-02
8.619301915168762207e-01
5.586636066436767578e-01
-1.029986739158630371e-01
7.828451395034790039e-01
7.166410684585571289e-01
-6.628762930631637573e-02
7.932981252670288086e-01
6.604554057121276855e-01
-9.432823210954666138e-02
8.015785813331604004e-01
6.139100193977355957e-01
-1.092678457498550415e-01
8.106870055198669434e-01
5.732430219650268555e-01
-1.217475533485412598e-01
7.478187680244445801e-01
7.284191250801086426e-01
-6.958604604005813599e-02
7.441156506538391113e-01
6.852945685386657715e-01
-9.548854827880859375e-02
7.460915446281433105e-01
6.497255563735961914e-01
-1.089711338281631470e-01
7.491199970245361328e-01
6.179956793785095215e-01
-1.190419271588325500e-01
7.126240730285644531e-01
7.405432462692260742e-01
-7.189107686281204224e-02
6.981469392776489258e-01
7.035595774650573730e-01
-9.374441206455230713e-02
6.879354119300842285e-01
6.830066442489624023e-01
-1.047834008932113647e-01
6.781827807426452637e-01
6.621941924095153809e-01
-1.135105937719345093e-01
