4.217540323734283447e-01
8.771260976791381836e-01
6.674380159665815881e-08
3.846489787101745605e-01
8.297568559646606445e-01
-2.245774865150451660e-02
3.520150482654571533e-01
7.675554752349853516e-01
-3.687027469277381897e-02
3.228125572204589844e-01
7.186043262481689453e-01
-4.788200557231903076e-02
2.885002791881561279e-01
6.927119493484497070e-01
-5.847364664077758789e-02
3.807281255722045898e-01
7.998225688934326172e-01
-5.179467052221298218e-02
3.678750395774841309e-01
7.575268745422363281e-01
-7.810316234827041626e-02
3.566524982452392578e-01
7.262127399444580078e-01
-9.244570881128311157e-02
3.472593724727630615e-01
6.941400170326232910e-01
-1.023571044206619263e-01
4.149329066276550293e-01
8.101387619972229004e-01
-5.246376991271972656e-02
4.113024175167083740e-01
7.702208757400512695e-01
-7.901804894208908081e-02
4.065729081630706787e-01
7.345719337463378906e-01
-9.074470400810241699e-02
4.034359157085418701e-01
7.004652619361877441e-01
-1.001604050397872925e-01
4.487221837043762207e-01
8.186783790588378906e-01
-5.370238423347473145e-02
4.588919579982757568e-01
7.810438871383666992e-01
-8.292073011398315430e-02
4.655841588973999023e-01
7.515373229980468750e-01
-8.968643099069595337e-02
4.708006381988525391e-01
7.222179174423217773e-01
-9.229951351881027222e-02
4.775142073631286621e-01
8.263986706733703613e-01
-5.580714344978332520e-02
4.943665564060211182e-01
7.907626032829284668e-01
-7.968787848949432373e-02
5.034208297729492188e-01
7.671436071395874023e-01
-8.668546378612518311e-02
5.125064253807067871e-01
7.414631843566894531e-01
-9.097032994031906128e-02
7.718449831008911133e-01
8.146384954452514648e-01
4.486849434215400834e-07
8.091205954551696777e-01
7.577871084213256836e-01
-9.260093793272972107e-03
8.384735584259033203e-01
6.894691586494445801e-01
-2.130826003849506378e-02
8.653608560562133789e-01
6.388405561447143555e-01
-3.097260743379592896e-02
8.979321122169494629e-01
6.144593358039855957e-01
-4.258119687438011169e-02
8.157631158828735352e-01
7.141480445861816406e-01
-5.693843588232994080e-02
8.357862234115600586e-01
6.470429897308349609e-01
-7.859854400157928467e-02
8.474100828170776367e-01
6.068447828292846680e-01
-8.853750675916671753e-02
8.601030707359313965e-01
5.708544254302978516e-01
-9.559278935194015503e-02
7.834430336952209473e-01
7.210143804550170898e-01
-6.188945844769477844e-02
7.932341098785400391e-01
6.660060882568359375e-01
-8.744741976261138916e-02
8.011013865470886230e-01
6.193904280662536621e-01
-1.000028252601623535e-01
8.101275563240051270e-01
5.794053673744201660e-01
-1.107479184865951538e-01
7.488579154014587402e-01
7.311083078384399414e-01
-6.459938734769821167e-02
7.438109517097473145e-01
6.893563866615295410e-01
-8.844306319952011108e-02
7.468797564506530762e-01
6.550770998001098633e-01
-1.003761216998100281e-01
7.519656419754028320e-01
6.254197359085083008e-01
-1.093342825770378113e-01
7.155809402465820312e-01
7.426057457923889160e-01
-6.632826477289199829e-02
7.005767822265625000e-01
7.085976004600524902e-01
-8.715123683214187622e-02
6.897895336151123047e-01
6.877011060714721680e-01
-9.817764163017272949e-02
6.809839010238647461e-01
6.656902432441711426e-01
-1.067036241292953491e-01
