4.347795546054840088e-01
9.010310769081115723e-01
2.144238635537476512e-07
4.014528393745422363e-01
8.443264961242675781e-01
-2.142599225044250488e-02
3.737429380416870117e-01
7.763940095901489258e-01
-3.646812587976455688e-02
3.501416146755218506e-01
7.196628451347351074e-01
-4.735615849494934082e-02
3.182567954063415527e-01
6.864844560623168945e-01
-5.808598920702934265e-02
3.992116451263427734e-01
7.997578978538513184e-01
-5.495359003543853760e-02
3.917897939682006836e-01
7.392492294311523438e-01
-8.100699633359909058e-02
3.838312327861785889e-01
6.964926123619079590e-01
-9.529271721839904785e-02
3.773685693740844727e-01
6.554036736488342285e-01
-1.049511060118675232e-01
4.354347884654998779e-01
8.130238652229309082e-01
-5.525420978665351868e-02
4.384469091892242432e-01
7.515760660171508789e-01
-8.124610781669616699e-02
4.392198324203491211e-01
7.022110819816589355e-01
-9.392801672220230103e-02
4.407123923301696777e-01
6.581048369407653809e-01
-1.037668213248252869e-01
4.698463976383209229e-01
8.258653283119201660e-01
-5.534368380904197693e-02
4.857489764690399170e-01
7.666241526603698730e-01
-8.215618878602981567e-02
4.952891469001770020e-01
7.259263396263122559e-01
-9.027567505836486816e-02
5.017464160919189453e-01
6.900529265403747559e-01
-9.384981542825698853e-02
4.977858364582061768e-01
8.370031714439392090e-01
-5.579687654972076416e-02
5.182136893272399902e-01
7.865583896636962891e-01
-7.636474072933197021e-02
5.271072387695312500e-01
7.543550729751586914e-01
-8.272117376327514648e-02
5.339248180389404297e-01
7.224363684654235840e-01
-8.662526309490203857e-02
7.970175743103027344e-01
8.305869102478027344e-01
4.111519160687748808e-07
8.292862176895141602e-01
7.723153233528137207e-01
-7.937937043607234955e-03
8.504763841629028320e-01
7.023642659187316895e-01
-2.061143517494201660e-02
8.712350726127624512e-01
6.467173695564270020e-01
-3.129754588007926941e-02
9.047388434410095215e-01
6.211749911308288574e-01
-4.433624818921089172e-02
8.288656473159790039e-01
7.174304723739624023e-01
-5.202227085828781128e-02
8.356615304946899414e-01
6.425144076347351074e-01
-7.110361754894256592e-02
8.386300206184387207e-01
5.950399637222290039e-01
-7.909502834081649780e-02
8.412082195281982422e-01
5.550453662872314453e-01
-8.453100174665451050e-02
7.976704835891723633e-01
7.289864420890808105e-01
-5.707289651036262512e-02
7.955782413482666016e-01
6.555634737014770508e-01
-7.615116238594055176e-02
7.936744689941406250e-01
6.033259034156799316e-01
-8.338452875614166260e-02
7.924821972846984863e-01
5.616211295127868652e-01
-9.022337198257446289e-02
7.653942108154296875e-01
7.457125782966613770e-01
-6.022492423653602600e-02
7.515785098075866699e-01
6.892927289009094238e-01
-7.724398374557495117e-02
7.453148961067199707e-01
6.456635594367980957e-01
-8.561068028211593628e-02
7.424201369285583496e-01
6.100075840950012207e-01
-9.241351485252380371e-02
7.365606427192687988e-01
7.654294371604919434e-01
-6.265955418348312378e-02
7.134700417518615723e-01
7.222259044647216797e-01
-7.821531593799591064e-02
6.980777382850646973e-01
6.940473318099975586e-01
-8.624996989965438843e-02
6.845807433128356934e-01
6.680681109428405762e-01
-9.260567277669906616e-02
