4.446117579936981201e-01
8.967266678810119629e-01
2.270377592594741145e-07
4.115943908691406250e-01
8.419019579887390137e-01
-2.163478732109069824e-02
3.851641714572906494e-01
7.762252688407897949e-01
-3.707133233547210693e-02
3.626998364925384521e-01
7.198275327682495117e-01
-4.851797595620155334e-02
3.331768810749053955e-01
6.825761198997497559e-01
-5.985485389828681946e-02
4.108267128467559814e-01
7.962678074836730957e-01
-5.475438386201858521e-02
4.049508571624755859e-01
7.345541715621948242e-01
-8.057686686515808105e-02
3.980973660945892334e-01
6.894964575767517090e-01
-9.398210793733596802e-02
3.941617608070373535e-01
6.471922397613525391e-01
-1.028584167361259460e-01
4.485295712947845459e-01
8.064776062965393066e-01
-5.473282933235168457e-02
4.521478116512298584e-01
7.457745671272277832e-01
-8.173114806413650513e-02
4.540811777114868164e-01
6.957774162292480469e-01
-9.436555206775665283e-02
4.567626118659973145e-01
6.518753170967102051e-01
-1.037060320377349854e-01
4.831881225109100342e-01
8.171760439872741699e-01
-5.452879518270492554e-02
4.995230734348297119e-01
7.616808414459228516e-01
-8.227728307247161865e-02
5.090534090995788574e-01
7.222837209701538086e-01
-9.002855420112609863e-02
5.149356126785278320e-01
6.852735280990600586e-01
-9.305013716220855713e-02
5.101830363273620605e-01
8.264556527137756348e-01
-5.474466830492019653e-02
5.316288471221923828e-01
7.816714048385620117e-01
-7.565239816904067993e-02
5.404216051101684570e-01
7.513163089752197266e-01
-8.197090774774551392e-02
5.463837385177612305e-01
7.198054194450378418e-01
-8.560907840728759766e-02
8.064491152763366699e-01
8.338198065757751465e-01
4.286645207685069181e-07
8.386675119400024414e-01
7.756286263465881348e-01
-8.774227462708950043e-03
8.603423833847045898e-01
7.042469978332519531e-01
-2.117657847702503204e-02
8.813436627388000488e-01
6.485309004783630371e-01
-3.135413676500320435e-02
9.143509268760681152e-01
6.242461800575256348e-01
-4.378486424684524536e-02
8.381882309913635254e-01
7.185102701187133789e-01
-5.359070375561714172e-02
8.451541662216186523e-01
6.425618529319763184e-01
-7.331685721874237061e-02
8.485866189002990723e-01
5.939375162124633789e-01
-8.182505518198013306e-02
8.520732522010803223e-01
5.531469583511352539e-01
-8.727554231882095337e-02
8.068949580192565918e-01
7.291598916053771973e-01
-5.772131308913230896e-02
8.043545484542846680e-01
6.558272242546081543e-01
-7.733345776796340942e-02
8.020314574241638184e-01
6.014580726623535156e-01
-8.486003428697586060e-02
8.008100986480712891e-01
5.585932731628417969e-01
-9.174698591232299805e-02
7.746170163154602051e-01
7.448294758796691895e-01
-5.988291278481483459e-02
7.614613771438598633e-01
6.898405551910400391e-01
-7.676563411951065063e-02
7.558391094207763672e-01
6.449911594390869141e-01
-8.532696217298507690e-02
7.537402510643005371e-01
6.091058254241943359e-01
-9.208007156848907471e-02
7.449829578399658203e-01
7.633680105209350586e-01
-6.146180629730224609e-02
7.225766181945800781e-01
7.199174165725708008e-01
-7.660435885190963745e-02
7.079067826271057129e-01
6.914689540863037109e-01
-8.472282439470291138e-02
6.952702999114990234e-01
6.654962897300720215e-01
-9.099569171667098999e-02
