4.455905854701995850e-01
8.946791887283325195e-01
2.140911163905911963e-07
4.126186370849609375e-01
8.394965529441833496e-01
-2.082041278481483459e-02
3.864357471466064453e-01
7.755202054977416992e-01
-3.527883067727088928e-02
3.641197681427001953e-01
7.187703251838684082e-01
-4.621252790093421936e-02
3.341376781463623047e-01
6.827235221862792969e-01
-5.695698037743568420e-02
4.125503897666931152e-01
7.972640395164489746e-01
-5.013843253254890442e-02
4.069219231605529785e-01
7.334547042846679688e-01
-7.470975816249847412e-02
4.005319476127624512e-01
6.886121034622192383e-01
-8.792654424905776978e-02
3.964759707450866699e-01
6.473597884178161621e-01
-9.651537239551544189e-02
4.484123587608337402e-01
8.095883727073669434e-01
-5.027752742171287537e-02
4.529764354228973389e-01
7.451376914978027344e-01
-7.490861415863037109e-02
4.562991857528686523e-01
6.948784589767456055e-01
-8.671253174543380737e-02
4.602533578872680664e-01
6.523650288581848145e-01
-9.564585983753204346e-02
4.817868173122406006e-01
8.217796683311462402e-01
-5.052155628800392151e-02
4.993587732315063477e-01
7.631038427352905273e-01
-7.622127234935760498e-02
5.101925730705261230e-01
7.219673991203308105e-01
-8.377896249294281006e-02
5.170964002609252930e-01
6.859584450721740723e-01
-8.676824718713760376e-02
5.081078410148620605e-01
8.320674896240234375e-01
-5.123638734221458435e-02
5.310261249542236328e-01
7.830525636672973633e-01
-7.001278549432754517e-02
5.407099723815917969e-01
7.506034970283508301e-01
-7.524158060550689697e-02
5.468978881835937500e-01
7.194525003433227539e-01
-7.834451645612716675e-02
8.080140948295593262e-01
8.290022611618041992e-01
4.264202857484633569e-07
8.397411704063415527e-01
7.721957564353942871e-01
-9.317588061094284058e-03
8.610120415687561035e-01
7.047426700592041016e-01
-2.238387428224086761e-02
8.810363411903381348e-01
6.496158242225646973e-01
-3.305867686867713928e-02
9.141879081726074219e-01
6.244159340858459473e-01
-4.584741592407226562e-02
8.398459553718566895e-01
7.187082767486572266e-01
-5.376097559928894043e-02
8.464610576629638672e-01
6.420776844024658203e-01
-7.374135404825210571e-02
8.495873212814331055e-01
5.931105017662048340e-01
-8.235327899456024170e-02
8.526878952980041504e-01
5.522466897964477539e-01
-8.779140561819076538e-02
8.082500696182250977e-01
7.291360497474670410e-01
-5.748391896486282349e-02
8.059144020080566406e-01
6.552639007568359375e-01
-7.708837091922760010e-02
8.034607172012329102e-01
6.007967591285705566e-01
-8.445043861865997314e-02
8.021499514579772949e-01
5.580906867980957031e-01
-9.128289669752120972e-02
7.752988934516906738e-01
7.440029978752136230e-01
-5.931301042437553406e-02
7.617068290710449219e-01
6.879288554191589355e-01
-7.604557275772094727e-02
7.564233541488647461e-01
6.429333686828613281e-01
-8.382596820592880249e-02
7.550419569015502930e-01
6.072258353233337402e-01
-9.006962180137634277e-02
7.447723150253295898e-01
7.614445686340332031e-01
-6.060452014207839966e-02
7.217897176742553711e-01
7.173423767089843750e-01
-7.543587684631347656e-02
7.078192830085754395e-01
6.887068152427673340e-01
-8.289188146591186523e-02
6.961070895195007324e-01
6.628074049949645996e-01
-8.868609368801116943e-02
