4.468878507614135742e-01
8.947361111640930176e-01
2.088222288421093253e-07
4.136197865009307861e-01
8.400647044181823730e-01
-2.137412130832672119e-02
3.868334889411926270e-01
7.752428054809570312e-01
-3.658928722143173218e-02
3.653467893600463867e-01
7.173675298690795898e-01
-4.839212819933891296e-02
3.359879851341247559e-01
6.793779730796813965e-01
-5.998304113745689392e-02
4.139084815979003906e-01
7.959175109863281250e-01
-5.123129487037658691e-02
4.085675477981567383e-01
7.320950031280517578e-01
-7.662937790155410767e-02
4.023687243461608887e-01
6.868228912353515625e-01
-9.036462008953094482e-02
3.985650837421417236e-01
6.450387835502624512e-01
-9.950468689203262329e-02
4.501724243164062500e-01
8.074716329574584961e-01
-5.181283503770828247e-02
4.540877640247344971e-01
7.449709177017211914e-01
-7.785626500844955444e-02
4.573194980621337891e-01
6.946356892585754395e-01
-9.035473316907882690e-02
4.614821076393127441e-01
6.514024138450622559e-01
-9.977303445339202881e-02
4.838671684265136719e-01
8.195686340332031250e-01
-5.261474102735519409e-02
4.995796382427215576e-01
7.622468471527099609e-01
-7.962197065353393555e-02
5.103420615196228027e-01
7.215596437454223633e-01
-8.748564869165420532e-02
5.176329612731933594e-01
6.851956844329833984e-01
-9.071406722068786621e-02
5.110489130020141602e-01
8.304775357246398926e-01
-5.398169532418251038e-02
5.327299237251281738e-01
7.827937006950378418e-01
-7.411843538284301758e-02
5.421410202980041504e-01
7.509305477142333984e-01
-8.011075854301452637e-02
5.484830141067504883e-01
7.193700075149536133e-01
-8.373776078224182129e-02
8.106959462165832520e-01
8.311914801597595215e-01
4.351200004748534411e-07
8.426104784011840820e-01
7.728025913238525391e-01
-9.521748870611190796e-03
8.632136583328247070e-01
7.040699720382690430e-01
-2.258726581931114197e-02
8.831850886344909668e-01
6.490934491157531738e-01
-3.311068192124366760e-02
9.157049059867858887e-01
6.232534050941467285e-01
-4.593376442790031433e-02
8.414823412895202637e-01
7.190767526626586914e-01
-5.510355904698371887e-02
8.474871516227722168e-01
6.426573991775512695e-01
-7.571921497583389282e-02
8.508341312408447266e-01
5.935062170028686523e-01
-8.477259427309036255e-02
8.542478084564208984e-01
5.519244670867919922e-01
-9.056083858013153076e-02
8.101689815521240234e-01
7.291117310523986816e-01
-5.901582911610603333e-02
8.070771098136901855e-01
6.542894840240478516e-01
-7.907313108444213867e-02
8.046546578407287598e-01
5.997640490531921387e-01
-8.684116601943969727e-02
8.035212755203247070e-01
5.560868382453918457e-01
-9.398471564054489136e-02
7.775997519493103027e-01
7.446664571762084961e-01
-6.101091951131820679e-02
7.646282315254211426e-01
6.875869631767272949e-01
-7.844924181699752808e-02
7.594130039215087891e-01
6.412491202354431152e-01
-8.717473596334457397e-02
7.574750185012817383e-01
6.042497158050537109e-01
-9.406469017267227173e-02
7.475551962852478027e-01
7.633747458457946777e-01
-6.241238862276077271e-02
7.254755496978759766e-01
7.190207242965698242e-01
-7.835003733634948730e-02
7.108303308486938477e-01
6.897197365760803223e-01
-8.679858595132827759e-02
6.977648735046386719e-01
6.632022261619567871e-01
-9.325638413429260254e-02
