4.413700103759765625e-01
9.038391113281250000e-01
2.177253719537475263e-07
4.077339768409729004e-01
8.490941524505615234e-01
-2.113274484872817993e-02
3.811025619506835938e-01
7.860770225524902344e-01
-3.614597767591476440e-02
3.590464890003204346e-01
7.295264601707458496e-01
-4.742551222443580627e-02
3.292917311191558838e-01
6.922306418418884277e-01
-5.833227932453155518e-02
4.052448570728302002e-01
8.086331486701965332e-01
-5.278163403272628784e-02
3.998945951461791992e-01
7.457675337791442871e-01
-7.846117764711380005e-02
3.939771652221679688e-01
7.005465030670166016e-01
-9.193345904350280762e-02
3.903378844261169434e-01
6.588725447654724121e-01
-1.008651033043861389e-01
4.422532916069030762e-01
8.189268708229064941e-01
-5.315333977341651917e-02
4.455248713493347168e-01
7.566462755203247070e-01
-7.891672849655151367e-02
4.482612013816833496e-01
7.066087126731872559e-01
-9.072026610374450684e-02
4.515702128410339355e-01
6.637176275253295898e-01
-9.973298013210296631e-02
4.766225516796112061e-01
8.291762471199035645e-01
-5.366000160574913025e-02
4.906598627567291260e-01
7.726719379425048828e-01
-8.040433377027511597e-02
5.007755756378173828e-01
7.320880889892578125e-01
-8.827723562717437744e-02
5.072193145751953125e-01
6.960808038711547852e-01
-9.159693866968154907e-02
5.044228434562683105e-01
8.382080197334289551e-01
-5.464523285627365112e-02
5.252462029457092285e-01
7.927221655845642090e-01
-7.473414391279220581e-02
5.338716506958007812e-01
7.612991929054260254e-01
-8.115299791097640991e-02
5.391429662704467773e-01
7.298680543899536133e-01
-8.515476435422897339e-02
8.023837208747863770e-01
8.422695994377136230e-01
4.273938429832924157e-07
8.351108431816101074e-01
7.842926383018493652e-01
-1.125277485698461533e-02
8.565608263015747070e-01
7.125766277313232422e-01
-2.484084293246269226e-02
8.765080571174621582e-01
6.528637409210205078e-01
-3.576429560780525208e-02
9.104040861129760742e-01
6.240345239639282227e-01
-4.875551536679267883e-02
8.312740325927734375e-01
7.281865477561950684e-01
-5.533700808882713318e-02
8.365858197212219238e-01
6.508039832115173340e-01
-7.605900615453720093e-02
8.401253819465637207e-01
6.003481149673461914e-01
-8.528444916009902954e-02
8.433958888053894043e-01
5.579304695129394531e-01
-9.122629463672637939e-02
7.994930148124694824e-01
7.388019561767578125e-01
-5.826804414391517639e-02
7.965341210365295410e-01
6.633795499801635742e-01
-7.796336710453033447e-02
7.929887175559997559e-01
6.083471179008483887e-01
-8.496705442667007446e-02
7.902665138244628906e-01
5.652992725372314453e-01
-9.142158180475234985e-02
7.677220702171325684e-01
7.537553310394287109e-01
-5.963176488876342773e-02
7.527711391448974609e-01
6.943048238754272461e-01
-7.658902555704116821e-02
7.451636791229248047e-01
6.471796035766601562e-01
-8.456039428710937500e-02
7.409389019012451172e-01
6.099790334701538086e-01
-9.085970371961593628e-02
7.393945455551147461e-01
7.711276412010192871e-01
-6.070915609598159790e-02
7.152180671691894531e-01
7.255415320396423340e-01
-7.562464475631713867e-02
6.987679004669189453e-01
6.951779127120971680e-01
-8.346911519765853882e-02
6.848647594451904297e-01
6.686751246452331543e-01
-8.951713144779205322e-02
