4.404025673866271973e-01
9.027051925659179688e-01
2.034255714988830732e-07
4.079555273056030273e-01
8.487977385520935059e-01
-2.116572856903076172e-02
3.813795149326324463e-01
7.864781022071838379e-01
-3.610374033451080322e-02
3.596408963203430176e-01
7.291710376739501953e-01
-4.742389172315597534e-02
3.306062519550323486e-01
6.903976798057556152e-01
-5.834580585360527039e-02
4.057767093181610107e-01
8.069869279861450195e-01
-5.153701454401016235e-02
3.991889059543609619e-01
7.462366223335266113e-01
-7.752353698015213013e-02
3.920646309852600098e-01
7.010374665260314941e-01
-9.166174381971359253e-02
3.875508010387420654e-01
6.596643924713134766e-01
-1.010316386818885803e-01
4.427466094493865967e-01
8.164895772933959961e-01
-5.191074684262275696e-02
4.452900886535644531e-01
7.562015652656555176e-01
-7.797811925411224365e-02
4.471032619476318359e-01
7.065292000770568848e-01
-9.053699672222137451e-02
4.497630894184112549e-01
6.634585857391357422e-01
-1.000808104872703552e-01
4.775822162628173828e-01
8.263292908668518066e-01
-5.245122686028480530e-02
4.919509291648864746e-01
7.708885669708251953e-01
-7.925266027450561523e-02
5.015174150466918945e-01
7.308580279350280762e-01
-8.704107999801635742e-02
5.076766014099121094e-01
6.948674917221069336e-01
-9.030208736658096313e-02
5.059845447540283203e-01
8.355519175529479980e-01
-5.350898951292037964e-02
5.265591740608215332e-01
7.907838821411132812e-01
-7.342302799224853516e-02
5.342261791229248047e-01
7.600724697113037109e-01
-7.940573245286941528e-02
5.387961268424987793e-01
7.287409901618957520e-01
-8.302740752696990967e-02
8.027285337448120117e-01
8.409405350685119629e-01
4.338240273682458792e-07
8.349415063858032227e-01
7.817288041114807129e-01
-1.042620185762643814e-02
8.553674817085266113e-01
7.092754244804382324e-01
-2.331578917801380157e-02
8.753231763839721680e-01
6.503845453262329102e-01
-3.383916616439819336e-02
9.095452427864074707e-01
6.229575872421264648e-01
-4.646188765764236450e-02
8.312228322029113770e-01
7.235227823257446289e-01
-5.185131356120109558e-02
8.363040089607238770e-01
6.480481028556823730e-01
-7.136926054954528809e-02
8.397092819213867188e-01
5.985559225082397461e-01
-8.006498217582702637e-02
8.427105545997619629e-01
5.567939281463623047e-01
-8.570481091737747192e-02
7.999160885810852051e-01
7.346897125244140625e-01
-5.516265705227851868e-02
7.959878444671630859e-01
6.601069569587707520e-01
-7.345837354660034180e-02
7.925814390182495117e-01
6.051394939422607422e-01
-8.017885684967041016e-02
7.897760868072509766e-01
5.611460804939270020e-01
-8.650507777929306030e-02
7.681959867477416992e-01
7.510169744491577148e-01
-5.699276551604270935e-02
7.520989179611206055e-01
6.922917366027832031e-01
-7.306972146034240723e-02
7.445423007011413574e-01
6.457129716873168945e-01
-8.083542436361312866e-02
7.401684522628784180e-01
6.083729863166809082e-01
-8.698800951242446899e-02
7.397004961967468262e-01
7.700816988945007324e-01
-5.850275233387947083e-02
7.150101661682128906e-01
7.247703075408935547e-01
-7.277902215719223022e-02
6.986888647079467773e-01
6.946079730987548828e-01
-8.015654981136322021e-02
6.845074295997619629e-01
6.679180860519409180e-01
-8.587879687547683716e-02
