4.314569830894470215e-01
9.128665924072265625e-01
1.657808326172016677e-07
3.968425691127777100e-01
8.572410941123962402e-01
-1.778123155236244202e-02
3.671900033950805664e-01
7.930089235305786133e-01
-3.183347731828689575e-02
3.419805169105529785e-01
7.383707761764526367e-01
-4.336990788578987122e-02
3.111640214920043945e-01
7.040970921516418457e-01
-5.468145012855529785e-02
4.004207253456115723e-01
8.124864697456359863e-01
-4.294428974390029907e-02
3.939132690429687500e-01
7.508903741836547852e-01
-6.462062150239944458e-02
3.870163857936859131e-01
7.074573636054992676e-01
-7.628587633371353149e-02
3.835792243480682373e-01
6.668025255203247070e-01
-8.399108797311782837e-02
4.378889501094818115e-01
8.239246010780334473e-01
-4.468290135264396667e-02
4.418825507164001465e-01
7.624589800834655762e-01
-6.630818545818328857e-02
4.450964331626892090e-01
7.125920057296752930e-01
-7.670049369335174561e-02
4.500439763069152832e-01
6.688874959945678711e-01
-8.499488234519958496e-02
4.712537229061126709e-01
8.336893320083618164e-01
-4.661370441317558289e-02
4.906003773212432861e-01
7.746579647064208984e-01
-7.021646201610565186e-02
5.036828517913818359e-01
7.346800565719604492e-01
-7.652974128723144531e-02
5.131847858428955078e-01
6.979622244834899902e-01
-7.890182733535766602e-02
4.969226419925689697e-01
8.408389687538146973e-01
-4.893708229064941406e-02
5.222246646881103516e-01
7.915681004524230957e-01
-6.562549620866775513e-02
5.353307127952575684e-01
7.618091702461242676e-01
-6.913986802101135254e-02
5.453187227249145508e-01
7.322167158126831055e-01
-7.110738009214401245e-02
7.953936457633972168e-01
8.221873641014099121e-01
4.489904483762074960e-07
8.256475925445556641e-01
7.656579017639160156e-01
-8.420345373451709747e-03
8.438322544097900391e-01
6.977616548538208008e-01
-2.149147540330886841e-02
8.623226284980773926e-01
6.403030753135681152e-01
-3.164470195770263672e-02
8.922802209854125977e-01
6.100023388862609863e-01
-4.413220658898353577e-02
8.263355493545532227e-01
7.115514874458312988e-01
-5.735756456851959229e-02
8.351996541023254395e-01
6.329565048217773438e-01
-7.819827646017074585e-02
8.382204174995422363e-01
5.826429724693298340e-01
-8.696508407592773438e-02
8.410540223121643066e-01
5.414285063743591309e-01
-9.239492565393447876e-02
7.966758608818054199e-01
7.213392853736877441e-01
-6.154326349496841431e-02
7.966356277465820312e-01
6.443746685981750488e-01
-8.122527599334716797e-02
7.951332330703735352e-01
5.889526605606079102e-01
-8.887261152267456055e-02
7.947473526000976562e-01
5.443871021270751953e-01
-9.589043259620666504e-02
7.647190093994140625e-01
7.358480691909790039e-01
-6.337473541498184204e-02
7.534888982772827148e-01
6.749547719955444336e-01
-8.008960634469985962e-02
7.492712140083312988e-01
6.278154850006103516e-01
-8.876557648181915283e-02
7.487475275993347168e-01
5.898053050041198730e-01
-9.600817412137985229e-02
7.346342206001281738e-01
7.535805106163024902e-01
-6.423477083444595337e-02
7.140442132949829102e-01
7.121939659118652344e-01
-8.010737597942352295e-02
7.013109326362609863e-01
6.833629012107849121e-01
-8.850406855344772339e-02
6.908745765686035156e-01
6.562250852584838867e-01
-9.484218060970306396e-02
