4.317414164543151855e-01
9.026049971580505371e-01
2.020621394649424474e-07
3.967272341251373291e-01
8.470908403396606445e-01
-1.647185720503330231e-02
3.684478998184204102e-01
7.832870483398437500e-01
-2.975871972739696503e-02
3.445826768875122070e-01
7.307831645011901855e-01
-4.060739651322364807e-02
3.145666122436523438e-01
6.985428929328918457e-01
-5.146172642707824707e-02
4.008255302906036377e-01
7.993215322494506836e-01
-4.103637114167213440e-02
3.991004228591918945e-01
7.397251129150390625e-01
-6.120875850319862366e-02
3.958980739116668701e-01
6.982308626174926758e-01
-7.193823903799057007e-02
3.949687778949737549e-01
6.583272218704223633e-01
-7.922375947237014771e-02
4.391903281211853027e-01
8.140699863433837891e-01
-4.359701648354530334e-02
4.467682540416717529e-01
7.521444559097290039e-01
-6.389035284519195557e-02
4.521273076534271240e-01
7.045352458953857422e-01
-7.398387789726257324e-02
4.584562778472900391e-01
6.611586809158325195e-01
-8.223214000463485718e-02
4.725840687751770020e-01
8.274733424186706543e-01
-4.622449725866317749e-02
4.940459728240966797e-01
7.676647901535034180e-01
-6.962496042251586914e-02
5.097141861915588379e-01
7.273325920104980469e-01
-7.681392878293991089e-02
5.210737586021423340e-01
6.883941292762756348e-01
-7.999083399772644043e-02
4.983208179473876953e-01
8.378511667251586914e-01
-4.896821081638336182e-02
5.256070494651794434e-01
7.876043319702148438e-01
-6.604729592800140381e-02
5.410335063934326172e-01
7.579025030136108398e-01
-6.992376595735549927e-02
5.528913736343383789e-01
7.274873852729797363e-01
-7.231587916612625122e-02
7.938456535339355469e-01
8.102776408195495605e-01
4.122177301724150311e-07
8.243407607078552246e-01
7.577269077301025391e-01
-7.774696685373783112e-03
8.427122235298156738e-01
6.913936138153076172e-01
-2.030391618609428406e-02
8.609855771064758301e-01
6.348741054534912109e-01
-3.000349365174770355e-02
8.896182775497436523e-01
6.058322191238403320e-01
-4.218835383653640747e-02
8.289605975151062012e-01
7.011081576347351074e-01
-5.618840083479881287e-02
8.362323641777038574e-01
6.221188902854919434e-01
-7.681798934936523438e-02
8.388810157775878906e-01
5.721994042396545410e-01
-8.612809330224990845e-02
8.412503600120544434e-01
5.310205817222595215e-01
-9.228861331939697266e-02
7.985321283340454102e-01
7.114218473434448242e-01
-6.135684251785278320e-02
7.972174286842346191e-01
6.323876976966857910e-01
-8.007807284593582153e-02
7.959788441658020020e-01
5.784999132156372070e-01
-8.788529038429260254e-02
7.962904572486877441e-01
5.345153808593750000e-01
-9.530797600746154785e-02
7.660512328147888184e-01
7.266623973846435547e-01
-6.419819593429565430e-02
7.558535337448120117e-01
6.622232198715209961e-01
-8.076378703117370605e-02
7.519581913948059082e-01
6.166483163833618164e-01
-8.963366597890853882e-02
7.516167759895324707e-01
5.802636146545410156e-01
-9.722939133644104004e-02
7.358120679855346680e-01
7.451193928718566895e-01
-6.600838899612426758e-02
7.171908020973205566e-01
7.008028030395507812e-01
-8.254899084568023682e-02
7.046371102333068848e-01
6.721651554107666016e-01
-9.094600379467010498e-02
6.944051384925842285e-01
6.450731754302978516e-01
-9.726502001285552979e-02
