4.271688461303710938e-01
9.004339575767517090e-01
1.953840751411917154e-07
3.917173445224761963e-01
8.471076488494873047e-01
-1.711712777614593506e-02
3.646637201309204102e-01
7.806348204612731934e-01
-3.055918030440807343e-02
3.419699668884277344e-01
7.253187894821166992e-01
-4.143597185611724854e-02
3.126662373542785645e-01
6.923165321350097656e-01
-5.250131711363792419e-02
3.994030058383941650e-01
8.022418618202209473e-01
-4.296154528856277466e-02
3.995335102081298828e-01
7.404796481132507324e-01
-6.170924752950668335e-02
3.984710574150085449e-01
6.980417966842651367e-01
-7.095500826835632324e-02
4.001189768314361572e-01
6.575113534927368164e-01
-7.718258351087570190e-02
4.368230402469635010e-01
8.169397711753845215e-01
-4.515899345278739929e-02
4.494018554687500000e-01
7.538706660270690918e-01
-6.410595029592514038e-02
4.580962657928466797e-01
7.063519358634948730e-01
-7.288768142461776733e-02
4.682409763336181641e-01
6.643506288528442383e-01
-8.050047606229782104e-02
4.687971174716949463e-01
8.285471796989440918e-01
-4.729762300848960876e-02
4.969869554042816162e-01
7.687705159187316895e-01
-6.970483809709548950e-02
5.158725380897521973e-01
7.295522093772888184e-01
-7.673525810241699219e-02
5.310859084129333496e-01
6.929378509521484375e-01
-7.992041110992431641e-02
4.930987358093261719e-01
8.355746269226074219e-01
-4.956136271357536316e-02
5.265856385231018066e-01
7.822837829589843750e-01
-6.579786539077758789e-02
5.467093586921691895e-01
7.541346549987792969e-01
-6.924615800380706787e-02
5.633491277694702148e-01
7.271673083305358887e-01
-7.150878757238388062e-02
7.866438627243041992e-01
8.182953596115112305e-01
3.539900887972180499e-07
8.152798414230346680e-01
7.637141346931457520e-01
-5.291280802339315414e-03
8.340202569961547852e-01
6.978915333747863770e-01
-1.622301526367664337e-02
8.518550992012023926e-01
6.423649191856384277e-01
-2.506585232913494110e-02
8.809004426002502441e-01
6.137629747390747070e-01
-3.627823293209075928e-02
8.271213769912719727e-01
7.076910138130187988e-01
-5.068740993738174438e-02
8.374173641204833984e-01
6.284973621368408203e-01
-7.054449617862701416e-02
8.410462141036987305e-01
5.781587958335876465e-01
-7.954403012990951538e-02
8.447976708412170410e-01
5.368555784225463867e-01
-8.535288274288177490e-02
7.989591360092163086e-01
7.185664772987365723e-01
-5.683785676956176758e-02
8.008269667625427246e-01
6.405929327011108398e-01
-7.527600973844528198e-02
8.000319004058837891e-01
5.845822691917419434e-01
-8.358576893806457520e-02
8.009408712387084961e-01
5.398843884468078613e-01
-9.128547459840774536e-02
7.673185467720031738e-01
7.330490350723266602e-01
-6.060227751731872559e-02
7.598290443420410156e-01
6.700791120529174805e-01
-7.667893171310424805e-02
7.570906281471252441e-01
6.215674281120300293e-01
-8.593156188726425171e-02
7.583688497543334961e-01
5.831248164176940918e-01
-9.374722838401794434e-02
7.353622317314147949e-01
7.503712773323059082e-01
-6.318009644746780396e-02
7.163640260696411133e-01
7.062039375305175781e-01
-7.979192584753036499e-02
7.057517766952514648e-01
6.763017773628234863e-01
-8.860069513320922852e-02
6.984299421310424805e-01
6.474425792694091797e-01
-9.509599953889846802e-02
