4.624509811401367188e-01
5.707880258560180664e-01
-1.062636627580104687e-07
4.938558936119079590e-01
5.455412268638610840e-01
-1.332663814537227154e-03
4.990761280059814453e-01
5.147363543510437012e-01
-5.343230441212654114e-03
5.037624239921569824e-01
4.897555112838745117e-01
-1.179256197065114975e-02
5.067744851112365723e-01
4.695402681827545166e-01
-1.575198210775852203e-02
4.456805586814880371e-01
4.490658640861511230e-01
6.736042909324169159e-03
4.842991530895233154e-01
4.255946278572082520e-01
-8.505803532898426056e-03
4.994489848613739014e-01
4.479106068611145020e-01
-2.089386619627475739e-02
4.999327063560485840e-01
4.740574955940246582e-01
-2.751340903341770172e-02
4.439293444156646729e-01
4.463763833045959473e-01
6.521934992633759975e-04
4.902494251728057861e-01
4.239333271980285645e-01
-1.158226095139980316e-02
5.033295750617980957e-01
4.534366428852081299e-01
-1.660963706672191620e-02
4.995469450950622559e-01
4.780555665493011475e-01
-1.801750250160694122e-02
4.486064314842224121e-01
4.493498206138610840e-01
-7.789369672536849976e-03
4.983259439468383789e-01
4.363619089126586914e-01
-1.891840435564517975e-02
5.067598819732666016e-01
4.669030606746673584e-01
-1.773769594728946686e-02
4.991392791271209717e-01
4.898287057876586914e-01
-1.458808407187461853e-02
4.585700631141662598e-01
4.581584930419921875e-01
-1.722152717411518097e-02
5.016812682151794434e-01
4.561455547809600830e-01
-2.323993109166622162e-02
5.091497302055358887e-01
4.778725504875183105e-01
-2.147754281759262085e-02
5.029218196868896484e-01
4.941425025463104248e-01
-1.875741779804229736e-02
0.000000000000000000e+00
0.000000000000000000e+00
0.000000000000000000e+00
0.000000000000000000e+00
0.000000000000000000e+00
0.000000000000000000e+00
0.000000000000000000e+00
0.000000000000000000e+00
0.000000000000000000e+00
0.000000000000000000e+00
0.000000000000000000e+00
0.000000000000000000e+00
0.000000000000000000e+00
0.000000000000000000e+00
0.000000000000000000e+00
0.000000000000000000e+00
0.000000000000000000e+00
0.000000000000000000e+00
0.000000000000000000e+00
0.000000000000000000e+00
0.000000000000000000e+00
0.000000000000000000e+00
0.000000000000000000e+00
0.000000000000000000e+00
0.000000000000000000e+00
0.000000000000000000e+00
0.000000000000000000e+00
0.000000000000000000e+00
0.000000000000000000e+00
0.000000000000000000e+00
0.000000000000000000e+00
0.000000000000000000e+00
0.000000000000000000e+00
0.000000000000000000e+00
0.000000000000000000e+00
0.000000000000000000e+00
0.000000000000000000e+00
0.000000000000000000e+00
0.000000000000000000e+00
0.000000000000000000e+00
0.000000000000000000e+00
0.000000000000000000e+00
0.000000000000000000e+00
0.000000000000000000e+00
0.000000000000000000e+00
0.000000000000000000e+00
0.000000000000000000e+00
0.000000000000000000e+00
0.000000000000000000e+00
0.000000000000000000e+00
0.000000000000000000e+00
0.000000000000000000e+00
0.000000000000000000e+00
0.000000000000000000e+00
0.000000000000000000e+00
0.000000000000000000e+00
0.000000000000000000e+00
0.000000000000000000e+00
0.000000000000000000e+00
0.000000000000000000e+00
0.000000000000000000e+00
0.000000000000000000e+00
0.000000000000000000e+00
