4.639328122138977051e-01
5.755186676979064941e-01
-1.347371494375693146e-07
4.953950941562652588e-01
5.529596805572509766e-01
-1.673128135735169053e-04
5.005322098731994629e-01
5.246456861495971680e-01
-4.058419261127710342e-03
5.044487714767456055e-01
5.034679770469665527e-01
-1.074111182242631912e-02
5.065941214561462402e-01
4.870149791240692139e-01
-1.502915937453508377e-02
4.485058188438415527e-01
4.552313387393951416e-01
8.194002322852611542e-03
4.850139915943145752e-01
4.339400529861450195e-01
-7.053272332996129990e-03
4.976107776165008545e-01
4.562921822071075439e-01
-2.088104374706745148e-02
4.945407509803771973e-01
4.819917380809783936e-01
-2.930868044495582581e-02
4.464108049869537354e-01
4.517926275730133057e-01
9.098402224481105804e-04
4.878215789794921875e-01
4.299421608448028564e-01
-1.067526917904615402e-02
5.005394816398620605e-01
4.578809142112731934e-01
-1.636844314634799957e-02
4.949637651443481445e-01
4.800786674022674561e-01
-1.929464563727378845e-02
4.511789381504058838e-01
4.537635743618011475e-01
-8.696058765053749084e-03
4.944766163825988770e-01
4.349736869335174561e-01
-1.858829148113727570e-02
5.040715336799621582e-01
4.628064632415771484e-01
-1.702704653143882751e-02
4.957776069641113281e-01
4.837427735328674316e-01
-1.509631425142288208e-02
4.620518386363983154e-01
4.620157480239868164e-01
-1.946731470525264740e-02
5.015909671783447266e-01
4.619644582271575928e-01
-2.566471323370933533e-02
5.071519017219543457e-01
4.828116595745086670e-01
-2.453935891389846802e-02
4.981010854244232178e-01
4.976326823234558105e-01
-2.311220392584800720e-02
0.000000000000000000e+00
0.000000000000000000e+00
0.000000000000000000e+00
0.000000000000000000e+00
0.000000000000000000e+00
0.000000000000000000e+00
0.000000000000000000e+00
0.000000000000000000e+00
0.000000000000000000e+00
0.000000000000000000e+00
0.000000000000000000e+00
0.000000000000000000e+00
0.000000000000000000e+00
0.000000000000000000e+00
0.000000000000000000e+00
0.000000000000000000e+00
0.000000000000000000e+00
0.000000000000000000e+00
0.000000000000000000e+00
0.000000000000000000e+00
0.000000000000000000e+00
0.000000000000000000e+00
0.000000000000000000e+00
0.000000000000000000e+00
0.000000000000000000e+00
0.000000000000000000e+00
0.000000000000000000e+00
0.000000000000000000e+00
0.000000000000000000e+00
0.000000000000000000e+00
0.000000000000000000e+00
0.000000000000000000e+00
0.000000000000000000e+00
0.000000000000000000e+00
0.000000000000000000e+00
0.000000000000000000e+00
0.000000000000000000e+00
0.000000000000000000e+00
0.000000000000000000e+00
0.000000000000000000e+00
0.000000000000000000e+00
0.000000000000000000e+00
0.000000000000000000e+00
0.000000000000000000e+00
0.000000000000000000e+00
0.000000000000000000e+00
0.000000000000000000e+00
0.000000000000000000e+00
0.000000000000000000e+00
0.000000000000000000e+00
0.000000000000000000e+00
0.000000000000000000e+00
0.000000000000000000e+00
0.000000000000000000e+00
0.000000000000000000e+00
0.000000000000000000e+00
0.000000000000000000e+00
0.000000000000000000e+00
0.000000000000000000e+00
0.000000000000000000e+00
0.000000000000000000e+00
0.000000000000000000e+00
0.000000000000000000e+00
