4.646887779235839844e-01
5.679017305374145508e-01
-8.154696473638978205e-08
4.967095851898193359e-01
5.435509681701660156e-01
3.294989001005887985e-04
5.024561285972595215e-01
5.122289061546325684e-01
-2.687107305973768234e-03
5.072856545448303223e-01
4.864207506179809570e-01
-8.670922368764877319e-03
5.097012519836425781e-01
4.653925001621246338e-01
-1.187505293637514114e-02
4.476777911186218262e-01
4.524484574794769287e-01
7.717291824519634247e-03
4.857688546180725098e-01
4.232156872749328613e-01
-8.090981282293796539e-03
5.011985301971435547e-01
4.477210938930511475e-01
-1.961227506399154663e-02
4.998983144760131836e-01
4.737556576728820801e-01
-2.537662535905838013e-02
4.442807435989379883e-01
4.482460916042327881e-01
9.155592415481805801e-04
4.907518923282623291e-01
4.191535413265228271e-01
-1.304345671087503433e-02
5.036162734031677246e-01
4.510413706302642822e-01
-1.707835868000984192e-02
4.979688227176666260e-01
4.747453629970550537e-01
-1.715535856783390045e-02
4.477667510509490967e-01
4.488226175308227539e-01
-8.309168741106987000e-03
4.981117546558380127e-01
4.322584271430969238e-01
-2.099400199949741364e-02
5.054867267608642578e-01
4.661823809146881104e-01
-1.923570595681667328e-02
4.954790174961090088e-01
4.877735376358032227e-01
-1.534253638237714767e-02
4.570962488651275635e-01
4.543193876743316650e-01
-1.830093562602996826e-02
5.012437701225280762e-01
4.568147659301757812e-01
-2.510406635701656342e-02
5.048296451568603516e-01
4.808244407176971436e-01
-2.383267506957054138e-02
4.941700100898742676e-01
4.943875968456268311e-01
-2.159461192786693573e-02
0.000000000000000000e+00
0.000000000000000000e+00
0.000000000000000000e+00
0.000000000000000000e+00
0.000000000000000000e+00
0.000000000000000000e+00
0.000000000000000000e+00
0.000000000000000000e+00
0.000000000000000000e+00
0.000000000000000000e+00
0.000000000000000000e+00
0.000000000000000000e+00
0.000000000000000000e+00
0.000000000000000000e+00
0.000000000000000000e+00
0.000000000000000000e+00
0.000000000000000000e+00
0.000000000000000000e+00
0.000000000000000000e+00
0.000000000000000000e+00
0.000000000000000000e+00
0.000000000000000000e+00
0.000000000000000000e+00
0.000000000000000000e+00
0.000000000000000000e+00
0.000000000000000000e+00
0.000000000000000000e+00
0.000000000000000000e+00
0.000000000000000000e+00
0.000000000000000000e+00
0.000000000000000000e+00
0.000000000000000000e+00
0.000000000000000000e+00
0.000000000000000000e+00
0.000000000000000000e+00
0.000000000000000000e+00
0.000000000000000000e+00
0.000000000000000000e+00
0.000000000000000000e+00
0.000000000000000000e+00
0.000000000000000000e+00
0.000000000000000000e+00
0.000000000000000000e+00
0.000000000000000000e+00
0.000000000000000000e+00
0.000000000000000000e+00
0.000000000000000000e+00
0.000000000000000000e+00
0.000000000000000000e+00
0.000000000000000000e+00
0.000000000000000000e+00
0.000000000000000000e+00
0.000000000000000000e+00
0.000000000000000000e+00
0.000000000000000000e+00
0.000000000000000000e+00
0.000000000000000000e+00
0.000000000000000000e+00
0.000000000000000000e+00
0.000000000000000000e+00
0.000000000000000000e+00
0.000000000000000000e+00
0.000000000000000000e+00
