4.639791548252105713e-01
5.682384371757507324e-01
-1.412662271604858688e-07
4.973250031471252441e-01
5.440053939819335938e-01
-1.632547122426331043e-03
5.028486251831054688e-01
5.140508413314819336e-01
-5.785095505416393280e-03
5.066220164299011230e-01
4.879444241523742676e-01
-1.267202198505401611e-02
5.074853301048278809e-01
4.666984975337982178e-01
-1.672923006117343903e-02
4.506684541702270508e-01
4.514730274677276611e-01
6.860492751002311707e-03
4.873445928096771240e-01
4.252283275127410889e-01
-1.079487334936857224e-02
5.006749033927917480e-01
4.531105458736419678e-01
-2.364420890808105469e-02
4.977434277534484863e-01
4.802107810974121094e-01
-3.035151772201061249e-02
4.465418756008148193e-01
4.478552341461181641e-01
6.036902050254866481e-05
4.922690987586975098e-01
4.198236167430877686e-01
-1.653090305626392365e-02
5.042749643325805664e-01
4.537741243839263916e-01
-2.202899940311908722e-02
4.977395832538604736e-01
4.773161709308624268e-01
-2.253797277808189392e-02
4.487171769142150879e-01
4.486541152000427246e-01
-9.472604840993881226e-03
4.991353452205657959e-01
4.336847960948944092e-01
-2.495857514441013336e-02
5.056721568107604980e-01
4.687209725379943848e-01
-2.412715181708335876e-02
4.944413602352142334e-01
4.894678294658660889e-01
-2.007305994629859924e-02
4.559112489223480225e-01
4.546676576137542725e-01
-1.983361132442951202e-02
5.003724694252014160e-01
4.544648826122283936e-01
-2.854802459478378296e-02
5.042956471443176270e-01
4.786064326763153076e-01
-2.756859920918941498e-02
4.934679567813873291e-01
4.918082654476165771e-01
-2.503256127238273621e-02
0.000000000000000000e+00
0.000000000000000000e+00
0.000000000000000000e+00
0.000000000000000000e+00
0.000000000000000000e+00
0.000000000000000000e+00
0.000000000000000000e+00
0.000000000000000000e+00
0.000000000000000000e+00
0.000000000000000000e+00
0.000000000000000000e+00
0.000000000000000000e+00
0.000000000000000000e+00
0.000000000000000000e+00
0.000000000000000000e+00
0.000000000000000000e+00
0.000000000000000000e+00
0.000000000000000000e+00
0.000000000000000000e+00
0.000000000000000000e+00
0.000000000000000000e+00
0.000000000000000000e+00
0.000000000000000000e+00
0.000000000000000000e+00
0.000000000000000000e+00
0.000000000000000000e+00
0.000000000000000000e+00
0.000000000000000000e+00
0.000000000000000000e+00
0.000000000000000000e+00
0.000000000000000000e+00
0.000000000000000000e+00
0.000000000000000000e+00
0.000000000000000000e+00
0.000000000000000000e+00
0.000000000000000000e+00
0.000000000000000000e+00
0.000000000000000000e+00
0.000000000000000000e+00
0.000000000000000000e+00
0.000000000000000000e+00
0.000000000000000000e+00
0.000000000000000000e+00
0.000000000000000000e+00
0.000000000000000000e+00
0.000000000000000000e+00
0.000000000000000000e+00
0.000000000000000000e+00
0.000000000000000000e+00
0.000000000000000000e+00
0.000000000000000000e+00
0.000000000000000000e+00
0.000000000000000000e+00
0.000000000000000000e+00
0.000000000000000000e+00
0.000000000000000000e+00
0.000000000000000000e+00
0.000000000000000000e+00
0.000000000000000000e+00
0.000000000000000000e+00
0.000000000000000000e+00
0.000000000000000000e+00
0.000000000000000000e+00
