4.633534848690032959e-01
5.695164203643798828e-01
-1.036412413668585941e-07
4.953895807266235352e-01
5.508028268814086914e-01
-1.199580030515789986e-03
5.041671395301818848e-01
5.248544812202453613e-01
-5.698727443814277649e-03
5.109370350837707520e-01
5.047387480735778809e-01
-1.269470434635877609e-02
5.141503810882568359e-01
4.889837801456451416e-01
-1.717572659254074097e-02
4.494844377040863037e-01
4.539047777652740479e-01
4.369536414742469788e-03
4.863595366477966309e-01
4.270155131816864014e-01
-9.535533376038074493e-03
4.987866282463073730e-01
4.521948099136352539e-01
-2.073239348828792572e-02
4.952028095722198486e-01
4.763383865356445312e-01
-2.729229815304279327e-02
4.464701712131500244e-01
4.507548511028289795e-01
-1.893367618322372437e-03
4.903315305709838867e-01
4.243007600307464600e-01
-1.377252303063869476e-02
5.008186101913452148e-01
4.550834298133850098e-01
-1.846054941415786743e-02
4.933553040027618408e-01
4.781717956066131592e-01
-2.013448067009449005e-02
4.501230418682098389e-01
4.524642825126647949e-01
-1.011532638221979141e-02
4.966522753238677979e-01
4.348897039890289307e-01
-2.039911597967147827e-02
5.036851763725280762e-01
4.657891988754272461e-01
-1.917356066405773163e-02
4.936767816543579102e-01
4.864256978034973145e-01
-1.683473773300647736e-02
4.591991007328033447e-01
4.598337113857269287e-01
-1.923665963113307953e-02
5.008252859115600586e-01
4.581273496150970459e-01
-2.464997582137584686e-02
5.053105950355529785e-01
4.800664782524108887e-01
-2.338804677128791809e-02
4.955969154834747314e-01
4.941619038581848145e-01
-2.183337695896625519e-02
0.000000000000000000e+00
0.000000000000000000e+00
0.000000000000000000e+00
0.000000000000000000e+00
0.000000000000000000e+00
0.000000000000000000e+00
0.000000000000000000e+00
0.000000000000000000e+00
0.000000000000000000e+00
0.000000000000000000e+00
0.000000000000000000e+00
0.000000000000000000e+00
0.000000000000000000e+00
0.000000000000000000e+00
0.000000000000000000e+00
0.000000000000000000e+00
0.000000000000000000e+00
0.000000000000000000e+00
0.000000000000000000e+00
0.000000000000000000e+00
0.000000000000000000e+00
0.000000000000000000e+00
0.000000000000000000e+00
0.000000000000000000e+00
0.000000000000000000e+00
0.000000000000000000e+00
0.000000000000000000e+00
0.000000000000000000e+00
0.000000000000000000e+00
0.000000000000000000e+00
0.000000000000000000e+00
0.000000000000000000e+00
0.000000000000000000e+00
0.000000000000000000e+00
0.000000000000000000e+00
0.000000000000000000e+00
0.000000000000000000e+00
0.000000000000000000e+00
0.000000000000000000e+00
0.000000000000000000e+00
0.000000000000000000e+00
0.000000000000000000e+00
0.000000000000000000e+00
0.000000000000000000e+00
0.000000000000000000e+00
0.000000000000000000e+00
0.000000000000000000e+00
0.000000000000000000e+00
0.000000000000000000e+00
0.000000000000000000e+00
0.000000000000000000e+00
0.000000000000000000e+00
0.000000000000000000e+00
0.000000000000000000e+00
0.000000000000000000e+00
0.000000000000000000e+00
0.000000000000000000e+00
0.000000000000000000e+00
0.000000000000000000e+00
0.000000000000000000e+00
0.000000000000000000e+00
0.000000000000000000e+00
0.000000000000000000e+00
