4.708022475242614746e-01
5.734870433807373047e-01
-1.363949593269353500e-07
5.004997849464416504e-01
5.488252043724060059e-01
-5.628803046420216560e-04
5.038628578186035156e-01
5.197045803070068359e-01
-3.389368299394845963e-03
5.055014491081237793e-01
4.969240128993988037e-01
-9.142453782260417938e-03
5.041744709014892578e-01
4.779186844825744629e-01
-1.229341980069875717e-02
4.507950842380523682e-01
4.590122997760772705e-01
9.582874365150928497e-03
4.875663816928863525e-01
4.337663948535919189e-01
-5.322831682860851288e-03
4.998688101768493652e-01
4.576807618141174316e-01
-1.771443709731101990e-02
4.959125518798828125e-01
4.831601083278656006e-01
-2.452887594699859619e-02
4.493327438831329346e-01
4.557401835918426514e-01
3.163960296660661697e-03
4.911542832851409912e-01
4.301801323890686035e-01
-9.031893685460090637e-03
5.021684169769287109e-01
4.586510062217712402e-01
-1.408570259809494019e-02
4.963833689689636230e-01
4.810329377651214600e-01
-1.556517556309700012e-02
4.540245234966278076e-01
4.568629264831542969e-01
-5.794752854853868484e-03
4.972033798694610596e-01
4.382548928260803223e-01
-1.639634929597377777e-02
5.055955648422241211e-01
4.664516746997833252e-01
-1.525855343788862228e-02
4.984836280345916748e-01
4.870736300945281982e-01
-1.260709669440984726e-02
4.642281234264373779e-01
4.631950259208679199e-01
-1.580543443560600281e-02
5.022361278533935547e-01
4.624691009521484375e-01
-2.151048742234706879e-02
5.076093077659606934e-01
4.835879802703857422e-01
-2.015961334109306335e-02
5.005644559860229492e-01
4.983312189579010010e-01
-1.812563464045524597e-02
0.000000000000000000e+00
0.000000000000000000e+00
0.000000000000000000e+00
0.000000000000000000e+00
0.000000000000000000e+00
0.000000000000000000e+00
0.000000000000000000e+00
0.000000000000000000e+00
0.000000000000000000e+00
0.000000000000000000e+00
0.000000000000000000e+00
0.000000000000000000e+00
0.000000000000000000e+00
0.000000000000000000e+00
0.000000000000000000e+00
0.000000000000000000e+00
0.000000000000000000e+00
0.000000000000000000e+00
0.000000000000000000e+00
0.000000000000000000e+00
0.000000000000000000e+00
0.000000000000000000e+00
0.000000000000000000e+00
0.000000000000000000e+00
0.000000000000000000e+00
0.000000000000000000e+00
0.000000000000000000e+00
0.000000000000000000e+00
0.000000000000000000e+00
0.000000000000000000e+00
0.000000000000000000e+00
0.000000000000000000e+00
0.000000000000000000e+00
0.000000000000000000e+00
0.000000000000000000e+00
0.000000000000000000e+00
0.000000000000000000e+00
0.000000000000000000e+00
0.000000000000000000e+00
0.000000000000000000e+00
0.000000000000000000e+00
0.000000000000000000e+00
0.000000000000000000e+00
0.000000000000000000e+00
0.000000000000000000e+00
0.000000000000000000e+00
0.000000000000000000e+00
0.000000000000000000e+00
0.000000000000000000e+00
0.000000000000000000e+00
0.000000000000000000e+00
0.000000000000000000e+00
0.000000000000000000e+00
0.000000000000000000e+00
0.000000000000000000e+00
0.000000000000000000e+00
0.000000000000000000e+00
0.000000000000000000e+00
0.000000000000000000e+00
0.000000000000000000e+00
0.000000000000000000e+00
0.000000000000000000e+00
0.000000000000000000e+00
