4.560185670852661133e-01
5.761094093322753906e-01
-8.039840793117036810e-08
4.875373542308807373e-01
5.555986762046813965e-01
1.703629037365317345e-03
4.958924353122711182e-01
5.248707532882690430e-01
-1.161622116342186928e-03
5.040214657783508301e-01
5.020157098770141602e-01
-6.816280074417591095e-03
5.119760036468505859e-01
4.816273450851440430e-01
-9.901805780827999115e-03
4.403444528579711914e-01
4.577893018722534180e-01
7.268909830600023270e-03
4.800346195697784424e-01
4.303027391433715820e-01
-5.416368134319782257e-03
4.954268038272857666e-01
4.545846879482269287e-01
-1.587643660604953766e-02
4.926620125770568848e-01
4.783344566822052002e-01
-2.225922234356403351e-02
4.385739862918853760e-01
4.529553949832916260e-01
-2.230906247859820724e-04
4.831563532352447510e-01
4.244483113288879395e-01
-9.647519327700138092e-03
4.966583251953125000e-01
4.541949033737182617e-01
-1.301560364663600922e-02
4.903965294361114502e-01
4.772258400917053223e-01
-1.455567125231027603e-02
4.439218342304229736e-01
4.550924599170684814e-01
-9.533633477985858917e-03
4.911237061023712158e-01
4.327588379383087158e-01
-1.802155375480651855e-02
5.004683732986450195e-01
4.639240503311157227e-01
-1.568319275975227356e-02
4.905919134616851807e-01
4.849695265293121338e-01
-1.356608979403972626e-02
4.550664126873016357e-01
4.635233581066131592e-01
-1.961014606058597565e-02
4.971680343151092529e-01
4.659038186073303223e-01
-2.498080953955650330e-02
5.017174482345581055e-01
4.896164834499359131e-01
-2.373241446912288666e-02
4.908625185489654541e-01
5.044839978218078613e-01
-2.263443917036056519e-02
0.000000000000000000e+00
0.000000000000000000e+00
0.000000000000000000e+00
0.000000000000000000e+00
0.000000000000000000e+00
0.000000000000000000e+00
0.000000000000000000e+00
0.000000000000000000e+00
0.000000000000000000e+00
0.000000000000000000e+00
0.000000000000000000e+00
0.000000000000000000e+00
0.000000000000000000e+00
0.000000000000000000e+00
0.000000000000000000e+00
0.000000000000000000e+00
0.000000000000000000e+00
0.000000000000000000e+00
0.000000000000000000e+00
0.000000000000000000e+00
0.000000000000000000e+00
0.000000000000000000e+00
0.000000000000000000e+00
0.000000000000000000e+00
0.000000000000000000e+00
0.000000000000000000e+00
0.000000000000000000e+00
0.000000000000000000e+00
0.000000000000000000e+00
0.000000000000000000e+00
0.000000000000000000e+00
0.000000000000000000e+00
0.000000000000000000e+00
0.000000000000000000e+00
0.000000000000000000e+00
0.000000000000000000e+00
0.000000000000000000e+00
0.000000000000000000e+00
0.000000000000000000e+00
0.000000000000000000e+00
0.000000000000000000e+00
0.000000000000000000e+00
0.000000000000000000e+00
0.000000000000000000e+00
0.000000000000000000e+00
0.000000000000000000e+00
0.000000000000000000e+00
0.000000000000000000e+00
0.000000000000000000e+00
0.000000000000000000e+00
0.000000000000000000e+00
0.000000000000000000e+00
0.000000000000000000e+00
0.000000000000000000e+00
0.000000000000000000e+00
0.000000000000000000e+00
0.000000000000000000e+00
0.000000000000000000e+00
0.000000000000000000e+00
0.000000000000000000e+00
0.000000000000000000e+00
0.000000000000000000e+00
0.000000000000000000e+00
