4.570299983024597168e-01
5.777300000190734863e-01
-1.072154560688431957e-07
4.885005354881286621e-01
5.573335886001586914e-01
-2.446552680339664221e-04
4.948366582393646240e-01
5.262031555175781250e-01
-3.813333343714475632e-03
5.016295313835144043e-01
5.003966093063354492e-01
-1.018759794533252716e-02
5.062986612319946289e-01
4.783934354782104492e-01
-1.414147671312093735e-02
4.420932233333587646e-01
4.575703144073486328e-01
7.255851756781339645e-03
4.783158898353576660e-01
4.297381937503814697e-01
-7.189332041889429092e-03
4.951781034469604492e-01
4.509325921535491943e-01
-1.931189931929111481e-02
4.965222477912902832e-01
4.776200950145721436e-01
-2.613483183085918427e-02
4.398008286952972412e-01
4.538976848125457764e-01
5.599884316325187683e-04
4.821424186229705811e-01
4.254185855388641357e-01
-1.054602302610874176e-02
4.976337850093841553e-01
4.536521434783935547e-01
-1.480525825172662735e-02
4.945360124111175537e-01
4.780590236186981201e-01
-1.622002758085727692e-02
4.444282352924346924e-01
4.565046727657318115e-01
-8.397736586630344391e-03
4.885596036911010742e-01
4.330647587776184082e-01
-1.847277209162712097e-02
5.008276104927062988e-01
4.620059132575988770e-01
-1.620407961308956146e-02
4.954426288604736328e-01
4.846009910106658936e-01
-1.323844492435455322e-02
4.549864530563354492e-01
4.658681452274322510e-01
-1.836993545293807983e-02
4.949919283390045166e-01
4.628637433052062988e-01
-2.473213523626327515e-02
5.022780299186706543e-01
4.851443767547607422e-01
-2.321740612387657166e-02
4.955933690071105957e-01
5.018138289451599121e-01
-2.118572965264320374e-02
0.000000000000000000e+00
0.000000000000000000e+00
0.000000000000000000e+00
0.000000000000000000e+00
0.000000000000000000e+00
0.000000000000000000e+00
0.000000000000000000e+00
0.000000000000000000e+00
0.000000000000000000e+00
0.000000000000000000e+00
0.000000000000000000e+00
0.000000000000000000e+00
0.000000000000000000e+00
0.000000000000000000e+00
0.000000000000000000e+00
0.000000000000000000e+00
0.000000000000000000e+00
0.000000000000000000e+00
0.000000000000000000e+00
0.000000000000000000e+00
0.000000000000000000e+00
0.000000000000000000e+00
0.000000000000000000e+00
0.000000000000000000e+00
0.000000000000000000e+00
0.000000000000000000e+00
0.000000000000000000e+00
0.000000000000000000e+00
0.000000000000000000e+00
0.000000000000000000e+00
0.000000000000000000e+00
0.000000000000000000e+00
0.000000000000000000e+00
0.000000000000000000e+00
0.000000000000000000e+00
0.000000000000000000e+00
0.000000000000000000e+00
0.000000000000000000e+00
0.000000000000000000e+00
0.000000000000000000e+00
0.000000000000000000e+00
0.000000000000000000e+00
0.000000000000000000e+00
0.000000000000000000e+00
0.000000000000000000e+00
0.000000000000000000e+00
0.000000000000000000e+00
0.000000000000000000e+00
0.000000000000000000e+00
0.000000000000000000e+00
0.000000000000000000e+00
0.000000000000000000e+00
0.000000000000000000e+00
0.000000000000000000e+00
0.000000000000000000e+00
0.000000000000000000e+00
0.000000000000000000e+00
0.000000000000000000e+00
0.000000000000000000e+00
0.000000000000000000e+00
0.000000000000000000e+00
0.000000000000000000e+00
0.000000000000000000e+00
