4.563800990581512451e-01
5.836858749389648438e-01
-1.579870172463415656e-07
4.898847341537475586e-01
5.591294765472412109e-01
8.679880920681171119e-06
4.969667196273803711e-01
5.298246145248413086e-01
-3.341495059430599213e-03
5.036821365356445312e-01
5.065986514091491699e-01
-9.724664501845836639e-03
5.064452886581420898e-01
4.875582158565521240e-01
-1.353016961365938187e-02
4.428558349609375000e-01
4.621257781982421875e-01
7.816761732101440430e-03
4.817799329757690430e-01
4.359930753707885742e-01
-7.272650487720966339e-03
4.953793585300445557e-01
4.603267014026641846e-01
-1.973466016352176666e-02
4.919292032718658447e-01
4.817063808441162109e-01
-2.732478082180023193e-02
4.430711269378662109e-01
4.578606188297271729e-01
1.982041867449879646e-04
4.909523725509643555e-01
4.328432083129882812e-01
-1.320696342736482620e-02
5.004686117172241211e-01
4.638039469718933105e-01
-1.905674487352371216e-02
4.909191727638244629e-01
4.835030734539031982e-01
-2.133575640618801117e-02
4.506604075431823730e-01
4.594713747501373291e-01
-9.575534611940383911e-03
4.997754096984863281e-01
4.438274502754211426e-01
-2.193707972764968872e-02
5.055001974105834961e-01
4.773624837398529053e-01
-2.122442796826362610e-02
4.941787123680114746e-01
4.966382086277008057e-01
-1.877752505242824554e-02
4.641896188259124756e-01
4.674593508243560791e-01
-2.025205269455909729e-02
5.070644021034240723e-01
4.714410006999969482e-01
-2.758803218603134155e-02
5.098000168800354004e-01
4.957827925682067871e-01
-2.686929330229759216e-02
4.990039765834808350e-01
5.094189047813415527e-01
-2.524164132773876190e-02
0.000000000000000000e+00
0.000000000000000000e+00
0.000000000000000000e+00
0.000000000000000000e+00
0.000000000000000000e+00
0.000000000000000000e+00
0.000000000000000000e+00
0.000000000000000000e+00
0.000000000000000000e+00
0.000000000000000000e+00
0.000000000000000000e+00
0.000000000000000000e+00
0.000000000000000000e+00
0.000000000000000000e+00
0.000000000000000000e+00
0.000000000000000000e+00
0.000000000000000000e+00
0.000000000000000000e+00
0.000000000000000000e+00
0.000000000000000000e+00
0.000000000000000000e+00
0.000000000000000000e+00
0.000000000000000000e+00
0.000000000000000000e+00
0.000000000000000000e+00
0.000000000000000000e+00
0.000000000000000000e+00
0.000000000000000000e+00
0.000000000000000000e+00
0.000000000000000000e+00
0.000000000000000000e+00
0.000000000000000000e+00
0.000000000000000000e+00
0.000000000000000000e+00
0.000000000000000000e+00
0.000000000000000000e+00
0.000000000000000000e+00
0.000000000000000000e+00
0.000000000000000000e+00
0.000000000000000000e+00
0.000000000000000000e+00
0.000000000000000000e+00
0.000000000000000000e+00
0.000000000000000000e+00
0.000000000000000000e+00
0.000000000000000000e+00
0.000000000000000000e+00
0.000000000000000000e+00
0.000000000000000000e+00
0.000000000000000000e+00
0.000000000000000000e+00
0.000000000000000000e+00
0.000000000000000000e+00
0.000000000000000000e+00
0.000000000000000000e+00
0.000000000000000000e+00
0.000000000000000000e+00
0.000000000000000000e+00
0.000000000000000000e+00
0.000000000000000000e+00
0.000000000000000000e+00
0.000000000000000000e+00
0.000000000000000000e+00
