4.614208638668060303e-01
5.800365805625915527e-01
-8.750552638048247900e-08
4.925495684146881104e-01
5.554913878440856934e-01
-8.169188513420522213e-04
4.985494315624237061e-01
5.276891589164733887e-01
-5.101768765598535538e-03
5.039879083633422852e-01
5.070841312408447266e-01
-1.227302476763725281e-02
5.067829489707946777e-01
4.933772981166839600e-01
-1.726488023996353149e-02
4.455479681491851807e-01
4.583906531333923340e-01
6.207036320120096207e-03
4.855267107486724854e-01
4.321557283401489258e-01
-9.482397697865962982e-03
4.996492862701416016e-01
4.522119462490081787e-01
-2.230569720268249512e-02
4.977839589118957520e-01
4.747362136840820312e-01
-2.937943488359451294e-02
4.447216391563415527e-01
4.550068676471710205e-01
-3.661127993836998940e-04
4.933246076107025146e-01
4.323321282863616943e-01
-1.340625807642936707e-02
5.033431053161621094e-01
4.613240361213684082e-01
-1.879874430596828461e-02
4.956397116184234619e-01
4.829289615154266357e-01
-2.056708000600337982e-02
4.510804712772369385e-01
4.574359357357025146e-01
-9.183779358863830566e-03
5.008937120437622070e-01
4.437997639179229736e-01
-2.044426649808883667e-02
5.074895024299621582e-01
4.735598564147949219e-01
-1.985268481075763702e-02
4.982204437255859375e-01
4.934470951557159424e-01
-1.739003695547580719e-02
4.633156657218933105e-01
4.655953645706176758e-01
-1.896991580724716187e-02
5.052208900451660156e-01
4.671911597251892090e-01
-2.430813200771808624e-02
5.089287161827087402e-01
4.897010326385498047e-01
-2.283996716141700745e-02
4.995864927768707275e-01
5.040233731269836426e-01
-2.079501375555992126e-02
0.000000000000000000e+00
0.000000000000000000e+00
0.000000000000000000e+00
0.000000000000000000e+00
0.000000000000000000e+00
0.000000000000000000e+00
0.000000000000000000e+00
0.000000000000000000e+00
0.000000000000000000e+00
0.000000000000000000e+00
0.000000000000000000e+00
0.000000000000000000e+00
0.000000000000000000e+00
0.000000000000000000e+00
0.000000000000000000e+00
0.000000000000000000e+00
0.000000000000000000e+00
0.000000000000000000e+00
0.000000000000000000e+00
0.000000000000000000e+00
0.000000000000000000e+00
0.000000000000000000e+00
0.000000000000000000e+00
0.000000000000000000e+00
0.000000000000000000e+00
0.000000000000000000e+00
0.000000000000000000e+00
0.000000000000000000e+00
0.000000000000000000e+00
0.000000000000000000e+00
0.000000000000000000e+00
0.000000000000000000e+00
0.000000000000000000e+00
0.000000000000000000e+00
0.000000000000000000e+00
0.000000000000000000e+00
0.000000000000000000e+00
0.000000000000000000e+00
0.000000000000000000e+00
0.000000000000000000e+00
0.000000000000000000e+00
0.000000000000000000e+00
0.000000000000000000e+00
0.000000000000000000e+00
0.000000000000000000e+00
0.000000000000000000e+00
0.000000000000000000e+00
0.000000000000000000e+00
0.000000000000000000e+00
0.000000000000000000e+00
0.000000000000000000e+00
0.000000000000000000e+00
0.000000000000000000e+00
0.000000000000000000e+00
0.000000000000000000e+00
0.000000000000000000e+00
0.000000000000000000e+00
0.000000000000000000e+00
0.000000000000000000e+00
0.000000000000000000e+00
0.000000000000000000e+00
0.000000000000000000e+00
0.000000000000000000e+00
