4.667638838291168213e-01
5.750052332878112793e-01
-1.065116634890728164e-07
4.943696856498718262e-01
5.541914701461791992e-01
-5.338338669389486313e-04
5.006316304206848145e-01
5.259277820587158203e-01
-4.866954404860734940e-03
5.086483955383300781e-01
5.035389661788940430e-01
-1.186422258615493774e-02
5.117844343185424805e-01
4.860984683036804199e-01
-1.630812883377075195e-02
4.478915929794311523e-01
4.599398374557495117e-01
5.167640279978513718e-03
4.869914650917053223e-01
4.334248304367065430e-01
-1.083657611161470413e-02
5.014281868934631348e-01
4.586459100246429443e-01
-2.300107292830944061e-02
4.997339248657226562e-01
4.839482009410858154e-01
-2.952198497951030731e-02
4.475370943546295166e-01
4.563385844230651855e-01
-1.970069715753197670e-03
4.927051067352294922e-01
4.292024374008178711e-01
-1.566569507122039795e-02
5.040125250816345215e-01
4.597730040550231934e-01
-2.048313803970813751e-02
4.983814656734466553e-01
4.835641980171203613e-01
-2.137909457087516785e-02
4.540206193923950195e-01
4.581230580806732178e-01
-1.132073067128658295e-02
5.015955567359924316e-01
4.408698379993438721e-01
-2.364428155124187469e-02
5.091660022735595703e-01
4.737764894962310791e-01
-2.225212752819061279e-02
5.010532140731811523e-01
4.950351417064666748e-01
-1.887152902781963348e-02
4.669710695743560791e-01
4.659133553504943848e-01
-2.154459804296493530e-02
5.082486867904663086e-01
4.686084091663360596e-01
-2.823937311768531799e-02
5.126018524169921875e-01
4.928292334079742432e-01
-2.681445516645908356e-02
5.040914416313171387e-01
5.073917508125305176e-01
-2.448399737477302551e-02
0.000000000000000000e+00
0.000000000000000000e+00
0.000000000000000000e+00
0.000000000000000000e+00
0.000000000000000000e+00
0.000000000000000000e+00
0.000000000000000000e+00
0.000000000000000000e+00
0.000000000000000000e+00
0.000000000000000000e+00
0.000000000000000000e+00
0.000000000000000000e+00
0.000000000000000000e+00
0.000000000000000000e+00
0.000000000000000000e+00
0.000000000000000000e+00
0.000000000000000000e+00
0.000000000000000000e+00
0.000000000000000000e+00
0.000000000000000000e+00
0.000000000000000000e+00
0.000000000000000000e+00
0.000000000000000000e+00
0.000000000000000000e+00
0.000000000000000000e+00
0.000000000000000000e+00
0.000000000000000000e+00
0.000000000000000000e+00
0.000000000000000000e+00
0.000000000000000000e+00
0.000000000000000000e+00
0.000000000000000000e+00
0.000000000000000000e+00
0.000000000000000000e+00
0.000000000000000000e+00
0.000000000000000000e+00
0.000000000000000000e+00
0.000000000000000000e+00
0.000000000000000000e+00
0.000000000000000000e+00
0.000000000000000000e+00
0.000000000000000000e+00
0.000000000000000000e+00
0.000000000000000000e+00
0.000000000000000000e+00
0.000000000000000000e+00
0.000000000000000000e+00
0.000000000000000000e+00
0.000000000000000000e+00
0.000000000000000000e+00
0.000000000000000000e+00
0.000000000000000000e+00
0.000000000000000000e+00
0.000000000000000000e+00
0.000000000000000000e+00
0.000000000000000000e+00
0.000000000000000000e+00
0.000000000000000000e+00
0.000000000000000000e+00
0.000000000000000000e+00
0.000000000000000000e+00
0.000000000000000000e+00
0.000000000000000000e+00
