4.634951651096343994e-01
5.767620205879211426e-01
-1.437352068478503497e-07
4.966578781604766846e-01
5.545951128005981445e-01
-2.631053328514099121e-03
5.045553445816040039e-01
5.252534151077270508e-01
-7.040972821414470673e-03
5.097110867500305176e-01
5.026037096977233887e-01
-1.348571013659238815e-02
5.107077956199645996e-01
4.843320548534393311e-01
-1.744312420487403870e-02
4.501389265060424805e-01
4.530627727508544922e-01
3.868268104270100594e-03
4.926547408103942871e-01
4.305196702480316162e-01
-1.117833610624074936e-02
5.034747123718261719e-01
4.574679434299468994e-01
-2.277324721217155457e-02
4.988329708576202393e-01
4.821296930313110352e-01
-2.934160828590393066e-02
4.487636685371398926e-01
4.497752189636230469e-01
-1.643328228965401649e-03
5.001369714736938477e-01
4.300470650196075439e-01
-1.397031359374523163e-02
5.076859593391418457e-01
4.629582166671752930e-01
-1.770172826945781708e-02
4.986104965209960938e-01
4.851295053958892822e-01
-1.846886798739433289e-02
4.537199735641479492e-01
4.528037011623382568e-01
-9.475755505263805389e-03
5.066935420036315918e-01
4.425080418586730957e-01
-2.066385187208652496e-02
5.111606717109680176e-01
4.759495854377746582e-01
-1.898024976253509521e-02
5.005385875701904297e-01
4.965935349464416504e-01
-1.585084944963455200e-02
4.643590152263641357e-01
4.621187448501586914e-01
-1.839526742696762085e-02
5.079088211059570312e-01
4.651125073432922363e-01
-2.485590428113937378e-02
5.114578008651733398e-01
4.891412258148193359e-01
-2.366614341735839844e-02
5.021702051162719727e-01
5.032556056976318359e-01
-2.155385911464691162e-02
0.000000000000000000e+00
0.000000000000000000e+00
0.000000000000000000e+00
0.000000000000000000e+00
0.000000000000000000e+00
0.000000000000000000e+00
0.000000000000000000e+00
0.000000000000000000e+00
0.000000000000000000e+00
0.000000000000000000e+00
0.000000000000000000e+00
0.000000000000000000e+00
0.000000000000000000e+00
0.000000000000000000e+00
0.000000000000000000e+00
0.000000000000000000e+00
0.000000000000000000e+00
0.000000000000000000e+00
0.000000000000000000e+00
0.000000000000000000e+00
0.000000000000000000e+00
0.000000000000000000e+00
0.000000000000000000e+00
0.000000000000000000e+00
0.000000000000000000e+00
0.000000000000000000e+00
0.000000000000000000e+00
0.000000000000000000e+00
0.000000000000000000e+00
0.000000000000000000e+00
0.000000000000000000e+00
0.000000000000000000e+00
0.000000000000000000e+00
0.000000000000000000e+00
0.000000000000000000e+00
0.000000000000000000e+00
0.000000000000000000e+00
0.000000000000000000e+00
0.000000000000000000e+00
0.000000000000000000e+00
0.000000000000000000e+00
0.000000000000000000e+00
0.000000000000000000e+00
0.000000000000000000e+00
0.000000000000000000e+00
0.000000000000000000e+00
0.000000000000000000e+00
0.000000000000000000e+00
0.000000000000000000e+00
0.000000000000000000e+00
0.000000000000000000e+00
0.000000000000000000e+00
0.000000000000000000e+00
0.000000000000000000e+00
0.000000000000000000e+00
0.000000000000000000e+00
0.000000000000000000e+00
0.000000000000000000e+00
0.000000000000000000e+00
0.000000000000000000e+00
0.000000000000000000e+00
0.000000000000000000e+00
0.000000000000000000e+00
