4.734916985034942627e-01
5.566627979278564453e-01
-9.175564485985887586e-08
5.008064508438110352e-01
5.365370512008666992e-01
-3.575644223019480705e-03
5.067820549011230469e-01
4.989388585090637207e-01
-3.634202759712934494e-03
5.061133503913879395e-01
4.661005735397338867e-01
-6.672674790024757385e-03
4.994626939296722412e-01
4.378580451011657715e-01
-7.566658779978752136e-03
4.767372906208038330e-01
4.547548890113830566e-01
1.284328103065490723e-02
4.898796677589416504e-01
4.252289533615112305e-01
-2.527706557884812355e-03
5.038591623306274414e-01
4.485960006713867188e-01
-1.347826048731803894e-02
5.045480132102966309e-01
4.782517850399017334e-01
-1.720202341675758362e-02
4.678574800491333008e-01
4.502112865447998047e-01
8.770792745053768158e-03
4.916044175624847412e-01
4.244301617145538330e-01
-8.363394998013973236e-03
5.036351680755615234e-01
4.576376080513000488e-01
-1.584602892398834229e-02
4.971536993980407715e-01
4.881434738636016846e-01
-1.593674533069133759e-02
4.565058946609497070e-01
4.482360184192657471e-01
1.333722728304564953e-03
4.878624081611633301e-01
4.285891056060791016e-01
-1.810462400317192078e-02
4.942432343959808350e-01
4.675846397876739502e-01
-2.029269933700561523e-02
4.826936125755310059e-01
4.975718855857849121e-01
-1.545065920799970627e-02
4.429919719696044922e-01
4.507214426994323730e-01
-6.524140480905771255e-03
4.766728878021240234e-01
4.411137104034423828e-01
-2.013766393065452576e-02
4.828482866287231445e-01
4.673787951469421387e-01
-2.031408809125423431e-02
4.734015762805938721e-01
4.891836047172546387e-01
-1.641773991286754608e-02
0.000000000000000000e+00
0.000000000000000000e+00
0.000000000000000000e+00
0.000000000000000000e+00
0.000000000000000000e+00
0.000000000000000000e+00
0.000000000000000000e+00
0.000000000000000000e+00
0.000000000000000000e+00
0.000000000000000000e+00
0.000000000000000000e+00
0.000000000000000000e+00
0.000000000000000000e+00
0.000000000000000000e+00
0.000000000000000000e+00
0.000000000000000000e+00
0.000000000000000000e+00
0.000000000000000000e+00
0.000000000000000000e+00
0.000000000000000000e+00
0.000000000000000000e+00
0.000000000000000000e+00
0.000000000000000000e+00
0.000000000000000000e+00
0.000000000000000000e+00
0.000000000000000000e+00
0.000000000000000000e+00
0.000000000000000000e+00
0.000000000000000000e+00
0.000000000000000000e+00
0.000000000000000000e+00
0.000000000000000000e+00
0.000000000000000000e+00
0.000000000000000000e+00
0.000000000000000000e+00
0.000000000000000000e+00
0.000000000000000000e+00
0.000000000000000000e+00
0.000000000000000000e+00
0.000000000000000000e+00
0.000000000000000000e+00
0.000000000000000000e+00
0.000000000000000000e+00
0.000000000000000000e+00
0.000000000000000000e+00
0.000000000000000000e+00
0.000000000000000000e+00
0.000000000000000000e+00
0.000000000000000000e+00
0.000000000000000000e+00
0.000000000000000000e+00
0.000000000000000000e+00
0.000000000000000000e+00
0.000000000000000000e+00
0.000000000000000000e+00
0.000000000000000000e+00
0.000000000000000000e+00
0.000000000000000000e+00
0.000000000000000000e+00
0.000000000000000000e+00
0.000000000000000000e+00
0.000000000000000000e+00
0.000000000000000000e+00
