4.629961550235748291e-01
5.828011631965637207e-01
-1.480804030506988056e-07
4.979243576526641846e-01
5.612990260124206543e-01
5.060246330685913563e-04
5.066253542900085449e-01
5.314710140228271484e-01
-2.427326049655675888e-03
5.133293867111206055e-01
5.112901329994201660e-01
-8.484158664941787720e-03
5.159243941307067871e-01
4.970672726631164551e-01
-1.207166351377964020e-02
4.536541104316711426e-01
4.586465358734130859e-01
8.526003919541835785e-03
4.961599111557006836e-01
4.376192986965179443e-01
-5.719765089452266693e-03
5.050012469291687012e-01
4.659261405467987061e-01
-1.734815724194049835e-02
4.974526166915893555e-01
4.884220659732818604e-01
-2.427600324153900146e-02
4.529886543750762939e-01
4.564821124076843262e-01
9.995743166655302048e-04
5.028123259544372559e-01
4.369416236877441406e-01
-1.216073706746101379e-02
5.077042579650878906e-01
4.696333110332489014e-01
-1.766592264175415039e-02
4.962976276874542236e-01
4.895462691783905029e-01
-1.937535032629966736e-02
4.591692090034484863e-01
4.593927264213562012e-01
-8.587140589952468872e-03
5.099136233329772949e-01
4.504710137844085693e-01
-2.005870826542377472e-02
5.122192502021789551e-01
4.842447936534881592e-01
-1.964864879846572876e-02
4.999020099639892578e-01
5.020448565483093262e-01
-1.725039258599281311e-02
4.709686338901519775e-01
4.682305753231048584e-01
-1.897108927369117737e-02
5.131469964981079102e-01
4.738752543926239014e-01
-2.486002445220947266e-02
5.145691037178039551e-01
4.980847537517547607e-01
-2.379884570837020874e-02
5.038568377494812012e-01
5.103487372398376465e-01
-2.204161882400512695e-02
0.000000000000000000e+00
0.000000000000000000e+00
0.000000000000000000e+00
0.000000000000000000e+00
0.000000000000000000e+00
0.000000000000000000e+00
0.000000000000000000e+00
0.000000000000000000e+00
0.000000000000000000e+00
0.000000000000000000e+00
0.000000000000000000e+00
0.000000000000000000e+00
0.000000000000000000e+00
0.000000000000000000e+00
0.000000000000000000e+00
0.000000000000000000e+00
0.000000000000000000e+00
0.000000000000000000e+00
0.000000000000000000e+00
0.000000000000000000e+00
0.000000000000000000e+00
0.000000000000000000e+00
0.000000000000000000e+00
0.000000000000000000e+00
0.000000000000000000e+00
0.000000000000000000e+00
0.000000000000000000e+00
0.000000000000000000e+00
0.000000000000000000e+00
0.000000000000000000e+00
0.000000000000000000e+00
0.000000000000000000e+00
0.000000000000000000e+00
0.000000000000000000e+00
0.000000000000000000e+00
0.000000000000000000e+00
0.000000000000000000e+00
0.000000000000000000e+00
0.000000000000000000e+00
0.000000000000000000e+00
0.000000000000000000e+00
0.000000000000000000e+00
0.000000000000000000e+00
0.000000000000000000e+00
0.000000000000000000e+00
0.000000000000000000e+00
0.000000000000000000e+00
0.000000000000000000e+00
0.000000000000000000e+00
0.000000000000000000e+00
0.000000000000000000e+00
0.000000000000000000e+00
0.000000000000000000e+00
0.000000000000000000e+00
0.000000000000000000e+00
0.000000000000000000e+00
0.000000000000000000e+00
0.000000000000000000e+00
0.000000000000000000e+00
0.000000000000000000e+00
0.000000000000000000e+00
0.000000000000000000e+00
0.000000000000000000e+00
