4.446057081222534180e-01
5.665419101715087891e-01
-1.533919231633262825e-07
4.764496982097625732e-01
5.541250705718994141e-01
2.075528958812355995e-03
4.875586032867431641e-01
5.281910896301269531e-01
-9.566062362864613533e-04
4.959683418273925781e-01
5.109968781471252441e-01
-6.690983194857835770e-03
5.000030994415283203e-01
4.985204935073852539e-01
-1.025092042982578278e-02
4.485929310321807861e-01
4.439671337604522705e-01
6.964936386793851852e-03
4.948873519897460938e-01
4.394683241844177246e-01
-6.148040760308504105e-03
4.986194670200347900e-01
4.698574841022491455e-01
-1.726362295448780060e-02
4.872068166732788086e-01
4.881650507450103760e-01
-2.459915354847908020e-02
4.495944082736968994e-01
4.412885308265686035e-01
-1.200351165607571602e-03
5.024967789649963379e-01
4.395596683025360107e-01
-1.357635762542486191e-02
5.019723176956176758e-01
4.732460379600524902e-01
-1.918986439704895020e-02
4.882412850856781006e-01
4.895528256893157959e-01
-2.149342186748981476e-02
4.567563235759735107e-01
4.462077617645263672e-01
-1.082904729992151260e-02
5.093055367469787598e-01
4.553995132446289062e-01
-2.218428440392017365e-02
5.052143335342407227e-01
4.903932511806488037e-01
-2.201075665652751923e-02
4.892282187938690186e-01
5.044805407524108887e-01
-2.007581107318401337e-02
4.681951999664306641e-01
4.580838680267333984e-01
-2.094904705882072449e-02
5.088770389556884766e-01
4.782327115535736084e-01
-2.725431695580482483e-02
5.051904320716857910e-01
5.032964348793029785e-01
-2.661849744617938995e-02
4.913220107555389404e-01
5.123227238655090332e-01
-2.533886022865772247e-02
0.000000000000000000e+00
0.000000000000000000e+00
0.000000000000000000e+00
0.000000000000000000e+00
0.000000000000000000e+00
0.000000000000000000e+00
0.000000000000000000e+00
0.000000000000000000e+00
0.000000000000000000e+00
0.000000000000000000e+00
0.000000000000000000e+00
0.000000000000000000e+00
0.000000000000000000e+00
0.000000000000000000e+00
0.000000000000000000e+00
0.000000000000000000e+00
0.000000000000000000e+00
0.000000000000000000e+00
0.000000000000000000e+00
0.000000000000000000e+00
0.000000000000000000e+00
0.000000000000000000e+00
0.000000000000000000e+00
0.000000000000000000e+00
0.000000000000000000e+00
0.000000000000000000e+00
0.000000000000000000e+00
0.000000000000000000e+00
0.000000000000000000e+00
0.000000000000000000e+00
0.000000000000000000e+00
0.000000000000000000e+00
0.000000000000000000e+00
0.000000000000000000e+00
0.000000000000000000e+00
0.000000000000000000e+00
0.000000000000000000e+00
0.000000000000000000e+00
0.000000000000000000e+00
0.000000000000000000e+00
0.000000000000000000e+00
0.000000000000000000e+00
0.000000000000000000e+00
0.000000000000000000e+00
0.000000000000000000e+00
0.000000000000000000e+00
0.000000000000000000e+00
0.000000000000000000e+00
0.000000000000000000e+00
0.000000000000000000e+00
0.000000000000000000e+00
0.000000000000000000e+00
0.000000000000000000e+00
0.000000000000000000e+00
0.000000000000000000e+00
0.000000000000000000e+00
0.000000000000000000e+00
0.000000000000000000e+00
0.000000000000000000e+00
0.000000000000000000e+00
0.000000000000000000e+00
0.000000000000000000e+00
0.000000000000000000e+00
