4.715374112129211426e-01
5.622947812080383301e-01
-1.428501690270422841e-07
4.981114268302917480e-01
5.445779561996459961e-01
-2.422066405415534973e-03
5.044050812721252441e-01
5.069845914840698242e-01
-2.557184314355254173e-03
5.052623748779296875e-01
4.744978845119476318e-01
-5.483928602188825607e-03
4.984013736248016357e-01
4.483105838298797607e-01
-6.109560374170541763e-03
4.678888916969299316e-01
4.560153484344482422e-01
1.358663849532604218e-02
4.885708689689636230e-01
4.322908818721771240e-01
-1.894312445074319839e-03
5.019105672836303711e-01
4.568842053413391113e-01
-1.337352301925420761e-02
5.002261400222778320e-01
4.846045970916748047e-01
-1.775437407195568085e-02
4.603523015975952148e-01
4.527612328529357910e-01
9.382433257997035980e-03
4.894786775112152100e-01
4.307737648487091064e-01
-5.263454280793666840e-03
5.014406442642211914e-01
4.635433852672576904e-01
-1.123309042304754257e-02
4.940445423126220703e-01
4.887643158435821533e-01
-1.149253826588392258e-02
4.519518017768859863e-01
4.522113502025604248e-01
1.915404340252280235e-03
4.874009490013122559e-01
4.343853294849395752e-01
-1.436020433902740479e-02
4.949243366718292236e-01
4.699505865573883057e-01
-1.470073685050010681e-02
4.833147823810577393e-01
4.935585856437683105e-01
-1.005976740270853043e-02
4.426243603229522705e-01
4.560438990592956543e-01
-6.023156456649303436e-03
4.777390360832214355e-01
4.458454847335815430e-01
-1.627599447965621948e-02
4.834629893302917480e-01
4.704825580120086670e-01
-1.474413089454174042e-02
4.728536903858184814e-01
4.881158173084259033e-01
-1.066450309008359909e-02
0.000000000000000000e+00
0.000000000000000000e+00
0.000000000000000000e+00
0.000000000000000000e+00
0.000000000000000000e+00
0.000000000000000000e+00
0.000000000000000000e+00
0.000000000000000000e+00
0.000000000000000000e+00
0.000000000000000000e+00
0.000000000000000000e+00
0.000000000000000000e+00
0.000000000000000000e+00
0.000000000000000000e+00
0.000000000000000000e+00
0.000000000000000000e+00
0.000000000000000000e+00
0.000000000000000000e+00
0.000000000000000000e+00
0.000000000000000000e+00
0.000000000000000000e+00
0.000000000000000000e+00
0.000000000000000000e+00
0.000000000000000000e+00
0.000000000000000000e+00
0.000000000000000000e+00
0.000000000000000000e+00
0.000000000000000000e+00
0.000000000000000000e+00
0.000000000000000000e+00
0.000000000000000000e+00
0.000000000000000000e+00
0.000000000000000000e+00
0.000000000000000000e+00
0.000000000000000000e+00
0.000000000000000000e+00
0.000000000000000000e+00
0.000000000000000000e+00
0.000000000000000000e+00
0.000000000000000000e+00
0.000000000000000000e+00
0.000000000000000000e+00
0.000000000000000000e+00
0.000000000000000000e+00
0.000000000000000000e+00
0.000000000000000000e+00
0.000000000000000000e+00
0.000000000000000000e+00
0.000000000000000000e+00
0.000000000000000000e+00
0.000000000000000000e+00
0.000000000000000000e+00
0.000000000000000000e+00
0.000000000000000000e+00
0.000000000000000000e+00
0.000000000000000000e+00
0.000000000000000000e+00
0.000000000000000000e+00
0.000000000000000000e+00
0.000000000000000000e+00
0.000000000000000000e+00
0.000000000000000000e+00
0.000000000000000000e+00
