4.586077332496643066e-01
5.795783996582031250e-01
-1.414272929878279683e-07
4.932265877723693848e-01
5.533851981163024902e-01
-1.167362090200185776e-03
5.031651854515075684e-01
5.205190777778625488e-01
-5.033297929912805557e-03
5.098003149032592773e-01
4.936699569225311279e-01
-1.063309889286756516e-02
5.096663832664489746e-01
4.721387028694152832e-01
-1.365271490067243576e-02
4.482636451721191406e-01
4.492700397968292236e-01
1.838606549426913261e-03
4.965582489967346191e-01
4.300643205642700195e-01
-1.292078662663698196e-02
5.067341923713684082e-01
4.574353098869323730e-01
-2.322334051132202148e-02
5.006341934204101562e-01
4.807978272438049316e-01
-2.882375754415988922e-02
4.461632966995239258e-01
4.469961225986480713e-01
-3.771346062421798706e-03
5.041116476058959961e-01
4.319513738155364990e-01
-1.512666605412960052e-02
5.109352469444274902e-01
4.648547470569610596e-01
-1.685759052634239197e-02
5.017395019531250000e-01
4.843780398368835449e-01
-1.666088402271270752e-02
4.512412548065185547e-01
4.529739618301391602e-01
-1.138536632061004639e-02
5.094963312149047852e-01
4.487900733947753906e-01
-2.111968398094177246e-02
5.121969580650329590e-01
4.812326431274414062e-01
-1.809367351233959198e-02
5.008893609046936035e-01
4.989074468612670898e-01
-1.470952667295932770e-02
4.618909358978271484e-01
4.657185077667236328e-01
-1.991721987724304199e-02
5.069366693496704102e-01
4.729237258434295654e-01
-2.455256693065166473e-02
5.086334347724914551e-01
4.969792962074279785e-01
-2.254027314484119415e-02
4.991131126880645752e-01
5.092083811759948730e-01
-2.036093920469284058e-02
0.000000000000000000e+00
0.000000000000000000e+00
0.000000000000000000e+00
0.000000000000000000e+00
0.000000000000000000e+00
0.000000000000000000e+00
0.000000000000000000e+00
0.000000000000000000e+00
0.000000000000000000e+00
0.000000000000000000e+00
0.000000000000000000e+00
0.000000000000000000e+00
0.000000000000000000e+00
0.000000000000000000e+00
0.000000000000000000e+00
0.000000000000000000e+00
0.000000000000000000e+00
0.000000000000000000e+00
0.000000000000000000e+00
0.000000000000000000e+00
0.000000000000000000e+00
0.000000000000000000e+00
0.000000000000000000e+00
0.000000000000000000e+00
0.000000000000000000e+00
0.000000000000000000e+00
0.000000000000000000e+00
0.000000000000000000e+00
0.000000000000000000e+00
0.000000000000000000e+00
0.000000000000000000e+00
0.000000000000000000e+00
0.000000000000000000e+00
0.000000000000000000e+00
0.000000000000000000e+00
0.000000000000000000e+00
0.000000000000000000e+00
0.000000000000000000e+00
0.000000000000000000e+00
0.000000000000000000e+00
0.000000000000000000e+00
0.000000000000000000e+00
0.000000000000000000e+00
0.000000000000000000e+00
0.000000000000000000e+00
0.000000000000000000e+00
0.000000000000000000e+00
0.000000000000000000e+00
0.000000000000000000e+00
0.000000000000000000e+00
0.000000000000000000e+00
0.000000000000000000e+00
0.000000000000000000e+00
0.000000000000000000e+00
0.000000000000000000e+00
0.000000000000000000e+00
0.000000000000000000e+00
0.000000000000000000e+00
0.000000000000000000e+00
0.000000000000000000e+00
0.000000000000000000e+00
0.000000000000000000e+00
0.000000000000000000e+00
