4.505545496940612793e-01
5.739251375198364258e-01
-1.298225811297015753e-07
4.820567667484283447e-01
5.436697602272033691e-01
5.158803542144596577e-04
4.918083548545837402e-01
5.071504116058349609e-01
-1.343899290077388287e-03
4.989014565944671631e-01
4.788237810134887695e-01
-5.285437684506177902e-03
5.011250376701354980e-01
4.567092061042785645e-01
-6.849299650639295578e-03
4.479257464408874512e-01
4.452194273471832275e-01
3.937664441764354706e-03
4.965929388999938965e-01
4.276304841041564941e-01
-9.257400408387184143e-03
5.043106079101562500e-01
4.545607268810272217e-01
-1.810303516685962677e-02
4.971650540828704834e-01
4.763300120830535889e-01
-2.255254611372947693e-02
4.483295381069183350e-01
4.441055357456207275e-01
-1.405874965712428093e-03
5.051587224006652832e-01
4.341786503791809082e-01
-1.140017714351415634e-02
5.094475746154785156e-01
4.664242863655090332e-01
-1.246536150574684143e-02
4.998671710491180420e-01
4.863146841526031494e-01
-1.178183127194643021e-02
4.553596973419189453e-01
4.511958658695220947e-01
-8.553667925298213959e-03
5.103438496589660645e-01
4.532131552696228027e-01
-1.678309589624404907e-02
5.108500123023986816e-01
4.847869575023651123e-01
-1.335387676954269409e-02
5.002862215042114258e-01
5.028855800628662109e-01
-9.776675142347812653e-03
4.670931696891784668e-01
4.647408723831176758e-01
-1.651295088231563568e-02
5.091926455497741699e-01
4.768396019935607910e-01
-1.968444325029850006e-02
5.086495876312255859e-01
5.017974376678466797e-01
-1.714708656072616577e-02
4.995563626289367676e-01
5.152026414871215820e-01
-1.472127251327037811e-02
0.000000000000000000e+00
0.000000000000000000e+00
0.000000000000000000e+00
0.000000000000000000e+00
0.000000000000000000e+00
0.000000000000000000e+00
0.000000000000000000e+00
0.000000000000000000e+00
0.000000000000000000e+00
0.000000000000000000e+00
0.000000000000000000e+00
0.000000000000000000e+00
0.000000000000000000e+00
0.000000000000000000e+00
0.000000000000000000e+00
0.000000000000000000e+00
0.000000000000000000e+00
0.000000000000000000e+00
0.000000000000000000e+00
0.000000000000000000e+00
0.000000000000000000e+00
0.000000000000000000e+00
0.000000000000000000e+00
0.000000000000000000e+00
0.000000000000000000e+00
0.000000000000000000e+00
0.000000000000000000e+00
0.000000000000000000e+00
0.000000000000000000e+00
0.000000000000000000e+00
0.000000000000000000e+00
0.000000000000000000e+00
0.000000000000000000e+00
0.000000000000000000e+00
0.000000000000000000e+00
0.000000000000000000e+00
0.000000000000000000e+00
0.000000000000000000e+00
0.000000000000000000e+00
0.000000000000000000e+00
0.000000000000000000e+00
0.000000000000000000e+00
0.000000000000000000e+00
0.000000000000000000e+00
0.000000000000000000e+00
0.000000000000000000e+00
0.000000000000000000e+00
0.000000000000000000e+00
0.000000000000000000e+00
0.000000000000000000e+00
0.000000000000000000e+00
0.000000000000000000e+00
0.000000000000000000e+00
0.000000000000000000e+00
0.000000000000000000e+00
0.000000000000000000e+00
0.000000000000000000e+00
0.000000000000000000e+00
0.000000000000000000e+00
0.000000000000000000e+00
0.000000000000000000e+00
0.000000000000000000e+00
0.000000000000000000e+00
