4.677798748016357422e-01
5.705384612083435059e-01
-1.450159743399126455e-07
5.004929304122924805e-01
5.470898747444152832e-01
-2.583077584858983755e-04
5.063859224319458008e-01
5.134317874908447266e-01
-2.795058768242597580e-03
5.093195438385009766e-01
4.848054945468902588e-01
-8.621571585536003113e-03
5.068119168281555176e-01
4.614804387092590332e-01
-1.221476867794990540e-02
4.598566889762878418e-01
4.580222070217132568e-01
8.129455149173736572e-03
4.872981607913970947e-01
4.297325015068054199e-01
-8.733956143260002136e-03
5.036146640777587891e-01
4.541291594505310059e-01
-2.051118947565555573e-02
5.020167827606201172e-01
4.798007905483245850e-01
-2.624668553471565247e-02
4.519871771335601807e-01
4.549213349819183350e-01
4.648290923796594143e-04
4.901939332485198975e-01
4.233385324478149414e-01
-1.506608165800571442e-02
5.057700276374816895e-01
4.559974372386932373e-01
-1.961337029933929443e-02
4.989679455757141113e-01
4.787757992744445801e-01
-1.949687115848064423e-02
4.487745165824890137e-01
4.577993154525756836e-01
-9.942390024662017822e-03
4.928656518459320068e-01
4.363713562488555908e-01
-2.605368010699748993e-02
5.030558109283447266e-01
4.711262881755828857e-01
-2.497421391308307648e-02
4.921941161155700684e-01
4.912004768848419189e-01
-2.089440077543258667e-02
4.505665302276611328e-01
4.668739438056945801e-01
-2.089151181280612946e-02
4.934217035770416260e-01
4.639102518558502197e-01
-3.128051757812500000e-02
4.983640313148498535e-01
4.899249970912933350e-01
-3.041602857410907745e-02
4.865511357784271240e-01
5.045849084854125977e-01
-2.795214019715785980e-02
0.000000000000000000e+00
0.000000000000000000e+00
0.000000000000000000e+00
0.000000000000000000e+00
0.000000000000000000e+00
0.000000000000000000e+00
0.000000000000000000e+00
0.000000000000000000e+00
0.000000000000000000e+00
0.000000000000000000e+00
0.000000000000000000e+00
0.000000000000000000e+00
0.000000000000000000e+00
0.000000000000000000e+00
0.000000000000000000e+00
0.000000000000000000e+00
0.000000000000000000e+00
0.000000000000000000e+00
0.000000000000000000e+00
0.000000000000000000e+00
0.000000000000000000e+00
0.000000000000000000e+00
0.000000000000000000e+00
0.000000000000000000e+00
0.000000000000000000e+00
0.000000000000000000e+00
0.000000000000000000e+00
0.000000000000000000e+00
0.000000000000000000e+00
0.000000000000000000e+00
0.000000000000000000e+00
0.000000000000000000e+00
0.000000000000000000e+00
0.000000000000000000e+00
0.000000000000000000e+00
0.000000000000000000e+00
0.000000000000000000e+00
0.000000000000000000e+00
0.000000000000000000e+00
0.000000000000000000e+00
0.000000000000000000e+00
0.000000000000000000e+00
0.000000000000000000e+00
0.000000000000000000e+00
0.000000000000000000e+00
0.000000000000000000e+00
0.000000000000000000e+00
0.000000000000000000e+00
0.000000000000000000e+00
0.000000000000000000e+00
0.000000000000000000e+00
0.000000000000000000e+00
0.000000000000000000e+00
0.000000000000000000e+00
0.000000000000000000e+00
0.000000000000000000e+00
0.000000000000000000e+00
0.000000000000000000e+00
0.000000000000000000e+00
0.000000000000000000e+00
0.000000000000000000e+00
0.000000000000000000e+00
0.000000000000000000e+00
