4.657325744628906250e-01
5.812851786613464355e-01
-1.385308223689207807e-07
4.967263936996459961e-01
5.596747398376464844e-01
1.768237911164760590e-03
5.034272074699401855e-01
5.282132029533386230e-01
-4.418882308527827263e-04
5.098517537117004395e-01
5.026795864105224609e-01
-6.112581584602594376e-03
5.107624530792236328e-01
4.800475537776947021e-01
-9.501215070486068726e-03
4.532901048660278320e-01
4.664472937583923340e-01
1.003689318895339966e-02
4.848811030387878418e-01
4.379935264587402344e-01
-4.685738589614629745e-03
5.004092454910278320e-01
4.622634053230285645e-01
-1.571816019713878632e-02
4.991501271724700928e-01
4.877287447452545166e-01
-2.162477746605873108e-02
4.477327764034271240e-01
4.624801278114318848e-01
1.684812712483108044e-03
4.898054897785186768e-01
4.318259954452514648e-01
-1.107863523066043854e-02
5.034574270248413086e-01
4.628660678863525391e-01
-1.482724584639072418e-02
4.967000484466552734e-01
4.844876825809478760e-01
-1.537048909813165665e-02
4.473432004451751709e-01
4.636985957622528076e-01
-9.134516119956970215e-03
4.947408735752105713e-01
4.442460536956787109e-01
-2.152195945382118225e-02
5.024448037147521973e-01
4.778052866458892822e-01
-1.974015682935714722e-02
4.907261729240417480e-01
4.974450469017028809e-01
-1.658542826771736145e-02
4.523351788520812988e-01
4.707301259040832520e-01
-2.064755186438560486e-02
4.954258501529693604e-01
4.694685041904449463e-01
-2.833627164363861084e-02
4.991126656532287598e-01
4.938435554504394531e-01
-2.717425301671028137e-02
4.865474998950958252e-01
5.072473287582397461e-01
-2.544329874217510223e-02
0.000000000000000000e+00
0.000000000000000000e+00
0.000000000000000000e+00
0.000000000000000000e+00
0.000000000000000000e+00
0.000000000000000000e+00
0.000000000000000000e+00
0.000000000000000000e+00
0.000000000000000000e+00
0.000000000000000000e+00
0.000000000000000000e+00
0.000000000000000000e+00
0.000000000000000000e+00
0.000000000000000000e+00
0.000000000000000000e+00
0.000000000000000000e+00
0.000000000000000000e+00
0.000000000000000000e+00
0.000000000000000000e+00
0.000000000000000000e+00
0.000000000000000000e+00
0.000000000000000000e+00
0.000000000000000000e+00
0.000000000000000000e+00
0.000000000000000000e+00
0.000000000000000000e+00
0.000000000000000000e+00
0.000000000000000000e+00
0.000000000000000000e+00
0.000000000000000000e+00
0.000000000000000000e+00
0.000000000000000000e+00
0.000000000000000000e+00
0.000000000000000000e+00
0.000000000000000000e+00
0.000000000000000000e+00
0.000000000000000000e+00
0.000000000000000000e+00
0.000000000000000000e+00
0.000000000000000000e+00
0.000000000000000000e+00
0.000000000000000000e+00
0.000000000000000000e+00
0.000000000000000000e+00
0.000000000000000000e+00
0.000000000000000000e+00
0.000000000000000000e+00
0.000000000000000000e+00
0.000000000000000000e+00
0.000000000000000000e+00
0.000000000000000000e+00
0.000000000000000000e+00
0.000000000000000000e+00
0.000000000000000000e+00
0.000000000000000000e+00
0.000000000000000000e+00
0.000000000000000000e+00
0.000000000000000000e+00
0.000000000000000000e+00
0.000000000000000000e+00
0.000000000000000000e+00
0.000000000000000000e+00
0.000000000000000000e+00
