4.552761316299438477e-01
6.099383234977722168e-01
-7.036740612420544494e-08
4.908517003059387207e-01
5.559718012809753418e-01
8.815830573439598083e-03
4.976023435592651367e-01
5.159415602684020996e-01
1.099255681037902832e-02
5.001550316810607910e-01
4.848122298717498779e-01
5.621078424155712128e-03
4.998461604118347168e-01
4.537972211837768555e-01
2.060046186670660973e-03
4.703626334667205811e-01
4.772066175937652588e-01
3.010610491037368774e-02
4.889041185379028320e-01
4.466983377933502197e-01
1.568985357880592346e-02
4.974944889545440674e-01
4.718142151832580566e-01
3.391718491911888123e-03
4.904462993144989014e-01
4.999974370002746582e-01
-9.535299031995236874e-04
4.601088464260101318e-01
4.749223589897155762e-01
1.865415275096893311e-02
4.871690273284912109e-01
4.441807866096496582e-01
4.307765047997236252e-03
4.950114786624908447e-01
4.763276576995849609e-01
-5.236114840954542160e-03
4.837692975997924805e-01
5.066078305244445801e-01
-7.215191144496202469e-03
4.470961689949035645e-01
4.711839258670806885e-01
4.309703595936298370e-03
4.796388745307922363e-01
4.412465989589691162e-01
-1.104116532951593399e-02
4.849450886249542236e-01
4.790476858615875244e-01
-1.157789025455713272e-02
4.720812439918518066e-01
5.090533494949340820e-01
-6.109600886702537537e-03
4.304032325744628906e-01
4.702994525432586670e-01
-9.960819035768508911e-03
4.653655290603637695e-01
4.476953446865081787e-01
-1.820294559001922607e-02
4.731357097625732422e-01
4.733879864215850830e-01
-1.322945207357406616e-02
4.643036127090454102e-01
4.973338842391967773e-01
-5.798577331006526947e-03
0.000000000000000000e+00
0.000000000000000000e+00
0.000000000000000000e+00
0.000000000000000000e+00
0.000000000000000000e+00
0.000000000000000000e+00
0.000000000000000000e+00
0.000000000000000000e+00
0.000000000000000000e+00
0.000000000000000000e+00
0.000000000000000000e+00
0.000000000000000000e+00
0.000000000000000000e+00
0.000000000000000000e+00
0.000000000000000000e+00
0.000000000000000000e+00
0.000000000000000000e+00
0.000000000000000000e+00
0.000000000000000000e+00
0.000000000000000000e+00
0.000000000000000000e+00
0.000000000000000000e+00
0.000000000000000000e+00
0.000000000000000000e+00
0.000000000000000000e+00
0.000000000000000000e+00
0.000000000000000000e+00
0.000000000000000000e+00
0.000000000000000000e+00
0.000000000000000000e+00
0.000000000000000000e+00
0.000000000000000000e+00
0.000000000000000000e+00
0.000000000000000000e+00
0.000000000000000000e+00
0.000000000000000000e+00
0.000000000000000000e+00
0.000000000000000000e+00
0.000000000000000000e+00
0.000000000000000000e+00
0.000000000000000000e+00
0.000000000000000000e+00
0.000000000000000000e+00
0.000000000000000000e+00
0.000000000000000000e+00
0.000000000000000000e+00
0.000000000000000000e+00
0.000000000000000000e+00
0.000000000000000000e+00
0.000000000000000000e+00
0.000000000000000000e+00
0.000000000000000000e+00
0.000000000000000000e+00
0.000000000000000000e+00
0.000000000000000000e+00
0.000000000000000000e+00
0.000000000000000000e+00
0.000000000000000000e+00
0.000000000000000000e+00
0.000000000000000000e+00
0.000000000000000000e+00
0.000000000000000000e+00
0.000000000000000000e+00
