4.674078226089477539e-01
5.663036108016967773e-01
-1.560314899506920483e-07
4.987150430679321289e-01
5.454267263412475586e-01
-2.637253142893314362e-03
5.058818459510803223e-01
5.138561725616455078e-01
-6.482800468802452087e-03
5.049881339073181152e-01
4.904163181781768799e-01
-1.329111028462648392e-02
4.977604448795318604e-01
4.704909622669219971e-01
-1.772066764533519745e-02
4.683812856674194336e-01
4.603875875473022461e-01
7.844036445021629333e-03
4.952268004417419434e-01
4.375895261764526367e-01
-9.629360400140285492e-03
5.035143494606018066e-01
4.677329063415527344e-01
-2.365091815590858459e-02
4.959748983383178711e-01
4.946215152740478516e-01
-3.139302879571914673e-02
4.583925008773803711e-01
4.545997083187103271e-01
8.709602407179772854e-04
4.914029836654663086e-01
4.274860620498657227e-01
-1.557875424623489380e-02
5.018386244773864746e-01
4.629260599613189697e-01
-2.317041344940662384e-02
4.921025335788726807e-01
4.869147539138793945e-01
-2.548022940754890442e-02
4.511434435844421387e-01
4.534868597984313965e-01
-8.891126140952110291e-03
4.882178306579589844e-01
4.262443184852600098e-01
-2.533996291458606720e-02
4.969207644462585449e-01
4.641881585121154785e-01
-2.502180822193622589e-02
4.852944314479827881e-01
4.867454469203948975e-01
-2.165877819061279297e-02
4.471868872642517090e-01
4.587820470333099365e-01
-1.943399012088775635e-02
4.867096841335296631e-01
4.549584090709686279e-01
-3.148426488041877747e-02
4.907907843589782715e-01
4.825561344623565674e-01
-3.108651004731655121e-02
4.779676795005798340e-01
4.979780614376068115e-01
-2.879815734922885895e-02
0.000000000000000000e+00
0.000000000000000000e+00
0.000000000000000000e+00
0.000000000000000000e+00
0.000000000000000000e+00
0.000000000000000000e+00
0.000000000000000000e+00
0.000000000000000000e+00
0.000000000000000000e+00
0.000000000000000000e+00
0.000000000000000000e+00
0.000000000000000000e+00
0.000000000000000000e+00
0.000000000000000000e+00
0.000000000000000000e+00
0.000000000000000000e+00
0.000000000000000000e+00
0.000000000000000000e+00
0.000000000000000000e+00
0.000000000000000000e+00
0.000000000000000000e+00
0.000000000000000000e+00
0.000000000000000000e+00
0.000000000000000000e+00
0.000000000000000000e+00
0.000000000000000000e+00
0.000000000000000000e+00
0.000000000000000000e+00
0.000000000000000000e+00
0.000000000000000000e+00
0.000000000000000000e+00
0.000000000000000000e+00
0.000000000000000000e+00
0.000000000000000000e+00
0.000000000000000000e+00
0.000000000000000000e+00
0.000000000000000000e+00
0.000000000000000000e+00
0.000000000000000000e+00
0.000000000000000000e+00
0.000000000000000000e+00
0.000000000000000000e+00
0.000000000000000000e+00
0.000000000000000000e+00
0.000000000000000000e+00
0.000000000000000000e+00
0.000000000000000000e+00
0.000000000000000000e+00
0.000000000000000000e+00
0.000000000000000000e+00
0.000000000000000000e+00
0.000000000000000000e+00
0.000000000000000000e+00
0.000000000000000000e+00
0.000000000000000000e+00
0.000000000000000000e+00
0.000000000000000000e+00
0.000000000000000000e+00
0.000000000000000000e+00
0.000000000000000000e+00
0.000000000000000000e+00
0.000000000000000000e+00
0.000000000000000000e+00
