4.610382318496704102e-01
5.802301168441772461e-01
-1.149738935168898024e-07
4.955797791481018066e-01
5.592921972274780273e-01
-1.838901778683066368e-03
5.033856034278869629e-01
5.278531312942504883e-01
-5.715142469853162766e-03
5.068377256393432617e-01
5.029615759849548340e-01
-1.149210613220930099e-02
5.036937594413757324e-01
4.839547276496887207e-01
-1.445805653929710388e-02
4.492672979831695557e-01
4.631977081298828125e-01
3.419778775423765182e-03
4.863918125629425049e-01
4.391744136810302734e-01
-1.192506961524486542e-02
4.981495738029479980e-01
4.674281775951385498e-01
-2.359137684106826782e-02
4.942061305046081543e-01
4.948706030845642090e-01
-3.005019202828407288e-02
4.441018104553222656e-01
4.592511355876922607e-01
-2.500106813386082649e-03
4.896866977214813232e-01
4.330380558967590332e-01
-1.476265210658311844e-02
5.011591911315917969e-01
4.665705859661102295e-01
-1.773132942616939545e-02
4.947284162044525146e-01
4.900921881198883057e-01
-1.797945238649845123e-02
4.448375701904296875e-01
4.615610539913177490e-01
-1.077330578118562698e-02
4.936020076274871826e-01
4.415283799171447754e-01
-2.118313498795032501e-02
5.008648037910461426e-01
4.739158153533935547e-01
-1.821420900523662567e-02
4.902985692024230957e-01
4.942849278450012207e-01
-1.487176120281219482e-02
4.509288072586059570e-01
4.703408181667327881e-01
-2.012586779892444611e-02
4.937880039215087891e-01
4.695232808589935303e-01
-2.628841251134872437e-02
4.967242181301116943e-01
4.932278394699096680e-01
-2.476721070706844330e-02
4.852963685989379883e-01
5.062195062637329102e-01
-2.302285097539424896e-02
0.000000000000000000e+00
0.000000000000000000e+00
0.000000000000000000e+00
0.000000000000000000e+00
0.000000000000000000e+00
0.000000000000000000e+00
0.000000000000000000e+00
0.000000000000000000e+00
0.000000000000000000e+00
0.000000000000000000e+00
0.000000000000000000e+00
0.000000000000000000e+00
0.000000000000000000e+00
0.000000000000000000e+00
0.000000000000000000e+00
0.000000000000000000e+00
0.000000000000000000e+00
0.000000000000000000e+00
0.000000000000000000e+00
0.000000000000000000e+00
0.000000000000000000e+00
0.000000000000000000e+00
0.000000000000000000e+00
0.000000000000000000e+00
0.000000000000000000e+00
0.000000000000000000e+00
0.000000000000000000e+00
0.000000000000000000e+00
0.000000000000000000e+00
0.000000000000000000e+00
0.000000000000000000e+00
0.000000000000000000e+00
0.000000000000000000e+00
0.000000000000000000e+00
0.000000000000000000e+00
0.000000000000000000e+00
0.000000000000000000e+00
0.000000000000000000e+00
0.000000000000000000e+00
0.000000000000000000e+00
0.000000000000000000e+00
0.000000000000000000e+00
0.000000000000000000e+00
0.000000000000000000e+00
0.000000000000000000e+00
0.000000000000000000e+00
0.000000000000000000e+00
0.000000000000000000e+00
0.000000000000000000e+00
0.000000000000000000e+00
0.000000000000000000e+00
0.000000000000000000e+00
0.000000000000000000e+00
0.000000000000000000e+00
0.000000000000000000e+00
0.000000000000000000e+00
0.000000000000000000e+00
0.000000000000000000e+00
0.000000000000000000e+00
0.000000000000000000e+00
0.000000000000000000e+00
0.000000000000000000e+00
0.000000000000000000e+00
