4.634629487991333008e-01
5.834852457046508789e-01
-7.327356854602840031e-08
4.952543079853057861e-01
5.438377857208251953e-01
3.137083491310477257e-03
5.019125938415527344e-01
5.092070102691650391e-01
1.946867210790514946e-03
5.050438046455383301e-01
4.781668782234191895e-01
-5.269919056445360184e-03
5.029119849205017090e-01
4.481221437454223633e-01
-1.049206312745809555e-02
4.736461341381072998e-01
4.639695286750793457e-01
1.985760033130645752e-02
4.878465831279754639e-01
4.277552366256713867e-01
3.271643072366714478e-03
5.004230141639709473e-01
4.558564126491546631e-01
-9.883579798042774200e-03
4.973554909229278564e-01
4.878019690513610840e-01
-1.463233400136232376e-02
4.644795656204223633e-01
4.635417461395263672e-01
1.054635550826787949e-02
4.875198602676391602e-01
4.287191331386566162e-01
-6.379007827490568161e-03
4.988223016262054443e-01
4.633455574512481689e-01
-1.579404994845390320e-02
4.904024899005889893e-01
4.970147907733917236e-01
-1.758182235062122345e-02
4.511086046695709229e-01
4.627318680286407471e-01
-1.851249253377318382e-03
4.804701209068298340e-01
4.306225478649139404e-01
-2.058633789420127869e-02
4.880041480064392090e-01
4.706869125366210938e-01
-2.204005606472492218e-02
4.762424528598785400e-01
5.047845840454101562e-01
-1.669311895966529846e-02
4.337025582790374756e-01
4.643141925334930420e-01
-1.425568480044603348e-02
4.660550355911254883e-01
4.411835372447967529e-01
-2.622670866549015045e-02
4.752465784549713135e-01
4.679903984069824219e-01
-2.300774678587913513e-02
4.668136537075042725e-01
4.948019385337829590e-01
-1.651143655180931091e-02
0.000000000000000000e+00
0.000000000000000000e+00
0.000000000000000000e+00
0.000000000000000000e+00
0.000000000000000000e+00
0.000000000000000000e+00
0.000000000000000000e+00
0.000000000000000000e+00
0.000000000000000000e+00
0.000000000000000000e+00
0.000000000000000000e+00
0.000000000000000000e+00
0.000000000000000000e+00
0.000000000000000000e+00
0.000000000000000000e+00
0.000000000000000000e+00
0.000000000000000000e+00
0.000000000000000000e+00
0.000000000000000000e+00
0.000000000000000000e+00
0.000000000000000000e+00
0.000000000000000000e+00
0.000000000000000000e+00
0.000000000000000000e+00
0.000000000000000000e+00
0.000000000000000000e+00
0.000000000000000000e+00
0.000000000000000000e+00
0.000000000000000000e+00
0.000000000000000000e+00
0.000000000000000000e+00
0.000000000000000000e+00
0.000000000000000000e+00
0.000000000000000000e+00
0.000000000000000000e+00
0.000000000000000000e+00
0.000000000000000000e+00
0.000000000000000000e+00
0.000000000000000000e+00
0.000000000000000000e+00
0.000000000000000000e+00
0.000000000000000000e+00
0.000000000000000000e+00
0.000000000000000000e+00
0.000000000000000000e+00
0.000000000000000000e+00
0.000000000000000000e+00
0.000000000000000000e+00
0.000000000000000000e+00
0.000000000000000000e+00
0.000000000000000000e+00
0.000000000000000000e+00
0.000000000000000000e+00
0.000000000000000000e+00
0.000000000000000000e+00
0.000000000000000000e+00
0.000000000000000000e+00
0.000000000000000000e+00
0.000000000000000000e+00
0.000000000000000000e+00
0.000000000000000000e+00
0.000000000000000000e+00
0.000000000000000000e+00
