4.627518653869628906e-01
5.705901980400085449e-01
-1.031433214393473463e-07
4.967548847198486328e-01
5.475727319717407227e-01
1.250655972398817539e-03
5.035135746002197266e-01
5.151330232620239258e-01
-2.753977896645665169e-04
5.058091282844543457e-01
4.932963252067565918e-01
-4.564792383462190628e-03
5.038446187973022461e-01
4.742287099361419678e-01
-6.347254384309053421e-03
4.500200748443603516e-01
4.545847773551940918e-01
8.782544173300266266e-03
4.861206412315368652e-01
4.304753839969635010e-01
-4.680857993662357330e-03
5.005114078521728516e-01
4.575852751731872559e-01
-1.495779585093259811e-02
4.990192353725433350e-01
4.838112890720367432e-01
-2.031747065484523773e-02
4.450778663158416748e-01
4.516556560993194580e-01
1.923075411468744278e-03
4.901131093502044678e-01
4.259651303291320801e-01
-9.394442662596702576e-03
5.032390356063842773e-01
4.600586295127868652e-01
-1.207115128636360168e-02
4.985985159873962402e-01
4.851322472095489502e-01
-1.164982654154300690e-02
4.464424550533294678e-01
4.538543522357940674e-01
-7.160990498960018158e-03
4.950567185878753662e-01
4.366943836212158203e-01
-1.706012338399887085e-02
5.026381015777587891e-01
4.704879820346832275e-01
-1.420872379094362259e-02
4.932375848293304443e-01
4.916319549083709717e-01
-1.036488451063632965e-02
4.533725678920745850e-01
4.613115787506103516e-01
-1.703358814120292664e-02
4.959243834018707275e-01
4.614021480083465576e-01
-2.186956256628036499e-02
4.995208680629730225e-01
4.862808883190155029e-01
-1.953125931322574615e-02
4.890232980251312256e-01
5.002142190933227539e-01
-1.708764396607875824e-02
0.000000000000000000e+00
0.000000000000000000e+00
0.000000000000000000e+00
0.000000000000000000e+00
0.000000000000000000e+00
0.000000000000000000e+00
0.000000000000000000e+00
0.000000000000000000e+00
0.000000000000000000e+00
0.000000000000000000e+00
0.000000000000000000e+00
0.000000000000000000e+00
0.000000000000000000e+00
0.000000000000000000e+00
0.000000000000000000e+00
0.000000000000000000e+00
0.000000000000000000e+00
0.000000000000000000e+00
0.000000000000000000e+00
0.000000000000000000e+00
0.000000000000000000e+00
0.000000000000000000e+00
0.000000000000000000e+00
0.000000000000000000e+00
0.000000000000000000e+00
0.000000000000000000e+00
0.000000000000000000e+00
0.000000000000000000e+00
0.000000000000000000e+00
0.000000000000000000e+00
0.000000000000000000e+00
0.000000000000000000e+00
0.000000000000000000e+00
0.000000000000000000e+00
0.000000000000000000e+00
0.000000000000000000e+00
0.000000000000000000e+00
0.000000000000000000e+00
0.000000000000000000e+00
0.000000000000000000e+00
0.000000000000000000e+00
0.000000000000000000e+00
0.000000000000000000e+00
0.000000000000000000e+00
0.000000000000000000e+00
0.000000000000000000e+00
0.000000000000000000e+00
0.000000000000000000e+00
0.000000000000000000e+00
0.000000000000000000e+00
0.000000000000000000e+00
0.000000000000000000e+00
0.000000000000000000e+00
0.000000000000000000e+00
0.000000000000000000e+00
0.000000000000000000e+00
0.000000000000000000e+00
0.000000000000000000e+00
0.000000000000000000e+00
0.000000000000000000e+00
0.000000000000000000e+00
0.000000000000000000e+00
0.000000000000000000e+00
