4.650115370750427246e-01
5.727087259292602539e-01
-1.494271231194943539e-07
4.970268905162811279e-01
5.503069162368774414e-01
-2.442765282467007637e-03
5.034496784210205078e-01
5.211377739906311035e-01
-6.354601122438907623e-03
5.041142702102661133e-01
4.977359175682067871e-01
-1.269790343940258026e-02
4.993116259574890137e-01
4.768537878990173340e-01
-1.634940132498741150e-02
4.542020857334136963e-01
4.559470713138580322e-01
6.750285625457763672e-03
4.908607900142669678e-01
4.349888265132904053e-01
-8.328170515596866608e-03
5.026654005050659180e-01
4.643290042877197266e-01
-2.046588063240051270e-02
4.981468915939331055e-01
4.905826747417449951e-01
-2.723141573369503021e-02
4.487099051475524902e-01
4.538766145706176758e-01
9.920139564201235771e-04
4.916270077228546143e-01
4.299317598342895508e-01
-1.214599236845970154e-02
5.040795803070068359e-01
4.636667370796203613e-01
-1.661996729671955109e-02
4.989544153213500977e-01
4.902030229568481445e-01
-1.752456463873386383e-02
4.481700658798217773e-01
4.554752111434936523e-01
-7.438036147505044937e-03
4.945798218250274658e-01
4.362210035324096680e-01
-1.953008212149143219e-02
5.028975009918212891e-01
4.693481922149658203e-01
-1.783539168536663055e-02
4.938094913959503174e-01
4.933083057403564453e-01
-1.440558955073356628e-02
4.525799155235290527e-01
4.619305729866027832e-01
-1.692870445549488068e-02
4.951936006546020508e-01
4.554904699325561523e-01
-2.398859895765781403e-02
5.002114176750183105e-01
4.805193543434143066e-01
-2.236878871917724609e-02
4.898426830768585205e-01
4.983683526515960693e-01
-2.000817283987998962e-02
0.000000000000000000e+00
0.000000000000000000e+00
0.000000000000000000e+00
0.000000000000000000e+00
0.000000000000000000e+00
0.000000000000000000e+00
0.000000000000000000e+00
0.000000000000000000e+00
0.000000000000000000e+00
0.000000000000000000e+00
0.000000000000000000e+00
0.000000000000000000e+00
0.000000000000000000e+00
0.000000000000000000e+00
0.000000000000000000e+00
0.000000000000000000e+00
0.000000000000000000e+00
0.000000000000000000e+00
0.000000000000000000e+00
0.000000000000000000e+00
0.000000000000000000e+00
0.000000000000000000e+00
0.000000000000000000e+00
0.000000000000000000e+00
0.000000000000000000e+00
0.000000000000000000e+00
0.000000000000000000e+00
0.000000000000000000e+00
0.000000000000000000e+00
0.000000000000000000e+00
0.000000000000000000e+00
0.000000000000000000e+00
0.000000000000000000e+00
0.000000000000000000e+00
0.000000000000000000e+00
0.000000000000000000e+00
0.000000000000000000e+00
0.000000000000000000e+00
0.000000000000000000e+00
0.000000000000000000e+00
0.000000000000000000e+00
0.000000000000000000e+00
0.000000000000000000e+00
0.000000000000000000e+00
0.000000000000000000e+00
0.000000000000000000e+00
0.000000000000000000e+00
0.000000000000000000e+00
0.000000000000000000e+00
0.000000000000000000e+00
0.000000000000000000e+00
0.000000000000000000e+00
0.000000000000000000e+00
0.000000000000000000e+00
0.000000000000000000e+00
0.000000000000000000e+00
0.000000000000000000e+00
0.000000000000000000e+00
0.000000000000000000e+00
0.000000000000000000e+00
0.000000000000000000e+00
0.000000000000000000e+00
0.000000000000000000e+00
