4.682014882564544678e-01
5.724410414695739746e-01
-2.060411503634895780e-07
4.997330307960510254e-01
5.498827695846557617e-01
1.355336280539631844e-03
5.068063735961914062e-01
5.199035406112670898e-01
2.626410860102623701e-04
5.077928900718688965e-01
4.971852898597717285e-01
-4.423453472554683685e-03
5.026251673698425293e-01
4.785557389259338379e-01
-6.970249582082033157e-03
4.591018855571746826e-01
4.619801342487335205e-01
1.342780794948339462e-02
4.955725073814392090e-01
4.457510113716125488e-01
-3.043925389647483826e-04
5.049232244491577148e-01
4.734945297241210938e-01
-1.170030329376459122e-02
4.989287853240966797e-01
4.976107180118560791e-01
-1.815639063715934753e-02
4.534921050071716309e-01
4.560312330722808838e-01
6.117804441601037979e-03
4.971723854541778564e-01
4.395390152931213379e-01
-6.777517963200807571e-03
5.062692761421203613e-01
4.722238779067993164e-01
-1.235617790371179581e-02
4.994756579399108887e-01
4.959719479084014893e-01
-1.379098463803529739e-02
4.525280296802520752e-01
4.525899887084960938e-01
-3.705869894474744797e-03
4.996538162231445312e-01
4.429894387722015381e-01
-1.530553214251995087e-02
5.045101642608642578e-01
4.759330451488494873e-01
-1.551813166588544846e-02
4.942031800746917725e-01
4.974609017372131348e-01
-1.318352483212947845e-02
4.559224247932434082e-01
4.536521434783935547e-01
-1.432564668357372284e-02
4.981510341167449951e-01
4.591701030731201172e-01
-2.015371061861515045e-02
5.007485747337341309e-01
4.828594326972961426e-01
-1.974509470164775848e-02
4.904630482196807861e-01
4.963350892066955566e-01
-1.830157265067100525e-02
0.000000000000000000e+00
0.000000000000000000e+00
0.000000000000000000e+00
0.000000000000000000e+00
0.000000000000000000e+00
0.000000000000000000e+00
0.000000000000000000e+00
0.000000000000000000e+00
0.000000000000000000e+00
0.000000000000000000e+00
0.000000000000000000e+00
0.000000000000000000e+00
0.000000000000000000e+00
0.000000000000000000e+00
0.000000000000000000e+00
0.000000000000000000e+00
0.000000000000000000e+00
0.000000000000000000e+00
0.000000000000000000e+00
0.000000000000000000e+00
0.000000000000000000e+00
0.000000000000000000e+00
0.000000000000000000e+00
0.000000000000000000e+00
0.000000000000000000e+00
0.000000000000000000e+00
0.000000000000000000e+00
0.000000000000000000e+00
0.000000000000000000e+00
0.000000000000000000e+00
0.000000000000000000e+00
0.000000000000000000e+00
0.000000000000000000e+00
0.000000000000000000e+00
0.000000000000000000e+00
0.000000000000000000e+00
0.000000000000000000e+00
0.000000000000000000e+00
0.000000000000000000e+00
0.000000000000000000e+00
0.000000000000000000e+00
0.000000000000000000e+00
0.000000000000000000e+00
0.000000000000000000e+00
0.000000000000000000e+00
0.000000000000000000e+00
0.000000000000000000e+00
0.000000000000000000e+00
0.000000000000000000e+00
0.000000000000000000e+00
0.000000000000000000e+00
0.000000000000000000e+00
0.000000000000000000e+00
0.000000000000000000e+00
0.000000000000000000e+00
0.000000000000000000e+00
0.000000000000000000e+00
0.000000000000000000e+00
0.000000000000000000e+00
0.000000000000000000e+00
0.000000000000000000e+00
0.000000000000000000e+00
0.000000000000000000e+00
