4.650444388389587402e-01
5.743360519409179688e-01
-1.690809625642941683e-07
4.976375997066497803e-01
5.541114807128906250e-01
4.356013378128409386e-04
5.047214627265930176e-01
5.238725543022155762e-01
-2.282444853335618973e-03
5.086123943328857422e-01
5.018895864486694336e-01
-7.635496091097593307e-03
5.078656673431396484e-01
4.818725287914276123e-01
-1.034689415246248245e-02
4.508455395698547363e-01
4.654087126255035400e-01
7.148273289203643799e-03
4.927184283733367920e-01
4.491045176982879639e-01
-8.052879013121128082e-03
4.999303817749023438e-01
4.773732721805572510e-01
-2.000176534056663513e-02
4.916877746582031250e-01
4.997319281101226807e-01
-2.739472873508930206e-02
4.467421472072601318e-01
4.604673385620117188e-01
-2.440785465296357870e-04
4.965811669826507568e-01
4.440609216690063477e-01
-1.435395237058401108e-02
5.023781657218933105e-01
4.773047566413879395e-01
-1.928326115012168884e-02
4.923515915870666504e-01
4.967240989208221436e-01
-2.084926143288612366e-02
4.489482343196868896e-01
4.592350125312805176e-01
-9.805888868868350983e-03
5.005883574485778809e-01
4.505163431167602539e-01
-2.214591577649116516e-02
5.031882524490356445e-01
4.847102463245391846e-01
-2.068808674812316895e-02
4.902455508708953857e-01
5.020263195037841797e-01
-1.796471886336803436e-02
4.570647478103637695e-01
4.623029828071594238e-01
-2.017390355467796326e-02
5.005253553390502930e-01
4.691002368927001953e-01
-2.736437693238258362e-02
5.016530752182006836e-01
4.938669502735137939e-01
-2.651468664407730103e-02
4.899567961692810059e-01
5.044347643852233887e-01
-2.505058236420154572e-02
0.000000000000000000e+00
0.000000000000000000e+00
0.000000000000000000e+00
0.000000000000000000e+00
0.000000000000000000e+00
0.000000000000000000e+00
0.000000000000000000e+00
0.000000000000000000e+00
0.000000000000000000e+00
0.000000000000000000e+00
0.000000000000000000e+00
0.000000000000000000e+00
0.000000000000000000e+00
0.000000000000000000e+00
0.000000000000000000e+00
0.000000000000000000e+00
0.000000000000000000e+00
0.000000000000000000e+00
0.000000000000000000e+00
0.000000000000000000e+00
0.000000000000000000e+00
0.000000000000000000e+00
0.000000000000000000e+00
0.000000000000000000e+00
0.000000000000000000e+00
0.000000000000000000e+00
0.000000000000000000e+00
0.000000000000000000e+00
0.000000000000000000e+00
0.000000000000000000e+00
0.000000000000000000e+00
0.000000000000000000e+00
0.000000000000000000e+00
0.000000000000000000e+00
0.000000000000000000e+00
0.000000000000000000e+00
0.000000000000000000e+00
0.000000000000000000e+00
0.000000000000000000e+00
0.000000000000000000e+00
0.000000000000000000e+00
0.000000000000000000e+00
0.000000000000000000e+00
0.000000000000000000e+00
0.000000000000000000e+00
0.000000000000000000e+00
0.000000000000000000e+00
0.000000000000000000e+00
0.000000000000000000e+00
0.000000000000000000e+00
0.000000000000000000e+00
0.000000000000000000e+00
0.000000000000000000e+00
0.000000000000000000e+00
0.000000000000000000e+00
0.000000000000000000e+00
0.000000000000000000e+00
0.000000000000000000e+00
0.000000000000000000e+00
0.000000000000000000e+00
0.000000000000000000e+00
0.000000000000000000e+00
0.000000000000000000e+00
