4.669640362262725830e-01
5.733590722084045410e-01
-1.028794400781407603e-07
4.965427517890930176e-01
5.489805340766906738e-01
6.089926318963989615e-05
5.022320747375488281e-01
5.160322189331054688e-01
-1.985925482586026192e-03
5.053548216819763184e-01
4.902607500553131104e-01
-6.484411656856536865e-03
5.033771991729736328e-01
4.674634933471679688e-01
-8.328774012625217438e-03
4.495661258697509766e-01
4.593534767627716064e-01
8.351862430572509766e-03
4.877057969570159912e-01
4.388822913169860840e-01
-7.137964479625225067e-03
5.007842183113098145e-01
4.631663560867309570e-01
-1.890098489820957184e-02
4.993832409381866455e-01
4.896151125431060791e-01
-2.488822303712368011e-02
4.450466930866241455e-01
4.557195305824279785e-01
2.092576818540692329e-03
4.904484450817108154e-01
4.339910149574279785e-01
-1.091405004262924194e-02
5.030412673950195312e-01
4.642367660999298096e-01
-1.452013291418552399e-02
5.001202225685119629e-01
4.886247813701629639e-01
-1.462787482887506485e-02
4.462363123893737793e-01
4.569939076900482178e-01
-6.777708884328603745e-03
4.953526854515075684e-01
4.453173875808715820e-01
-1.822733879089355469e-02
5.022045969963073730e-01
4.760936796665191650e-01
-1.624678075313568115e-02
4.939749836921691895e-01
4.966574609279632568e-01
-1.270795520395040512e-02
4.533244073390960693e-01
4.632330238819122314e-01
-1.655166968703269958e-02
4.952068626880645752e-01
4.661610722541809082e-01
-2.268669381737709045e-02
4.987166523933410645e-01
4.886999726295471191e-01
-2.128972858190536499e-02
4.895440936088562012e-01
5.015538334846496582e-01
-1.918668672442436218e-02
0.000000000000000000e+00
0.000000000000000000e+00
0.000000000000000000e+00
0.000000000000000000e+00
0.000000000000000000e+00
0.000000000000000000e+00
0.000000000000000000e+00
0.000000000000000000e+00
0.000000000000000000e+00
0.000000000000000000e+00
0.000000000000000000e+00
0.000000000000000000e+00
0.000000000000000000e+00
0.000000000000000000e+00
0.000000000000000000e+00
0.000000000000000000e+00
0.000000000000000000e+00
0.000000000000000000e+00
0.000000000000000000e+00
0.000000000000000000e+00
0.000000000000000000e+00
0.000000000000000000e+00
0.000000000000000000e+00
0.000000000000000000e+00
0.000000000000000000e+00
0.000000000000000000e+00
0.000000000000000000e+00
0.000000000000000000e+00
0.000000000000000000e+00
0.000000000000000000e+00
0.000000000000000000e+00
0.000000000000000000e+00
0.000000000000000000e+00
0.000000000000000000e+00
0.000000000000000000e+00
0.000000000000000000e+00
0.000000000000000000e+00
0.000000000000000000e+00
0.000000000000000000e+00
0.000000000000000000e+00
0.000000000000000000e+00
0.000000000000000000e+00
0.000000000000000000e+00
0.000000000000000000e+00
0.000000000000000000e+00
0.000000000000000000e+00
0.000000000000000000e+00
0.000000000000000000e+00
0.000000000000000000e+00
0.000000000000000000e+00
0.000000000000000000e+00
0.000000000000000000e+00
0.000000000000000000e+00
0.000000000000000000e+00
0.000000000000000000e+00
0.000000000000000000e+00
0.000000000000000000e+00
0.000000000000000000e+00
0.000000000000000000e+00
0.000000000000000000e+00
0.000000000000000000e+00
0.000000000000000000e+00
0.000000000000000000e+00
