4.670349061489105225e-01
5.874280333518981934e-01
-1.609611643971220474e-07
5.014104843139648438e-01
5.650329589843750000e-01
-4.540883528534322977e-04
5.088303089141845703e-01
5.337027311325073242e-01
-3.885003738105297089e-03
5.152747631072998047e-01
5.096275210380554199e-01
-1.025901827961206436e-02
5.203140377998352051e-01
4.891037344932556152e-01
-1.406121067702770233e-02
4.573291540145874023e-01
4.671531915664672852e-01
8.178667165338993073e-03
4.930068552494049072e-01
4.439221024513244629e-01
-7.261089049279689789e-03
5.038561820983886719e-01
4.706789255142211914e-01
-1.963068172335624695e-02
4.976659715175628662e-01
4.957319796085357666e-01
-2.690551616251468658e-02
4.523275494575500488e-01
4.635806679725646973e-01
8.877018699422478676e-04
4.968527257442474365e-01
4.392119348049163818e-01
-1.288868021219968796e-02
5.068914294242858887e-01
4.717687666416168213e-01
-1.780461706221103668e-02
4.972712099552154541e-01
4.935294389724731445e-01
-1.926384493708610535e-02
4.530890583992004395e-01
4.643270075321197510e-01
-8.938439190387725830e-03
5.001890063285827637e-01
4.481762051582336426e-01
-2.135460637509822845e-02
5.061807632446289062e-01
4.801054298877716064e-01
-2.023969218134880066e-02
4.935162961483001709e-01
4.986574947834014893e-01
-1.765430904924869537e-02
4.589741230010986328e-01
4.700005054473876953e-01
-1.971981860697269440e-02
5.010793805122375488e-01
4.705787599086761475e-01
-2.690407074987888336e-02
5.039474368095397949e-01
4.934496879577636719e-01
-2.607118338346481323e-02
4.911885261535644531e-01
5.054981708526611328e-01
-2.466316334903240204e-02
0.000000000000000000e+00
0.000000000000000000e+00
0.000000000000000000e+00
0.000000000000000000e+00
0.000000000000000000e+00
0.000000000000000000e+00
0.000000000000000000e+00
0.000000000000000000e+00
0.000000000000000000e+00
0.000000000000000000e+00
0.000000000000000000e+00
0.000000000000000000e+00
0.000000000000000000e+00
0.000000000000000000e+00
0.000000000000000000e+00
0.000000000000000000e+00
0.000000000000000000e+00
0.000000000000000000e+00
0.000000000000000000e+00
0.000000000000000000e+00
0.000000000000000000e+00
0.000000000000000000e+00
0.000000000000000000e+00
0.000000000000000000e+00
0.000000000000000000e+00
0.000000000000000000e+00
0.000000000000000000e+00
0.000000000000000000e+00
0.000000000000000000e+00
0.000000000000000000e+00
0.000000000000000000e+00
0.000000000000000000e+00
0.000000000000000000e+00
0.000000000000000000e+00
0.000000000000000000e+00
0.000000000000000000e+00
0.000000000000000000e+00
0.000000000000000000e+00
0.000000000000000000e+00
0.000000000000000000e+00
0.000000000000000000e+00
0.000000000000000000e+00
0.000000000000000000e+00
0.000000000000000000e+00
0.000000000000000000e+00
0.000000000000000000e+00
0.000000000000000000e+00
0.000000000000000000e+00
0.000000000000000000e+00
0.000000000000000000e+00
0.000000000000000000e+00
0.000000000000000000e+00
0.000000000000000000e+00
0.000000000000000000e+00
0.000000000000000000e+00
0.000000000000000000e+00
0.000000000000000000e+00
0.000000000000000000e+00
0.000000000000000000e+00
0.000000000000000000e+00
0.000000000000000000e+00
0.000000000000000000e+00
0.000000000000000000e+00
