4.695476889610290527e-01
5.819418430328369141e-01
-1.396775672901640064e-07
5.043919086456298828e-01
5.581402182579040527e-01
3.096878208452835679e-05
5.121078491210937500e-01
5.272324681282043457e-01
-2.997814211994409561e-03
5.158812999725341797e-01
5.029367208480834961e-01
-8.899718523025512695e-03
5.146228671073913574e-01
4.809117913246154785e-01
-1.198432128876447678e-02
4.584328830242156982e-01
4.662553966045379639e-01
8.648040704429149628e-03
4.945595860481262207e-01
4.394722878932952881e-01
-6.440604105591773987e-03
5.081935524940490723e-01
4.671910703182220459e-01
-1.857195235788822174e-02
5.052793622016906738e-01
4.967855215072631836e-01
-2.496917732059955597e-02
4.540644586086273193e-01
4.621017575263977051e-01
2.011267002671957016e-03
4.970970153808593750e-01
4.352558553218841553e-01
-9.771466255187988281e-03
5.098493695259094238e-01
4.666127860546112061e-01
-1.387652382254600525e-02
5.043320059776306152e-01
4.921062886714935303e-01
-1.487301290035247803e-02
4.559214413166046143e-01
4.623555541038513184e-01
-7.133156992495059967e-03
5.016925930976867676e-01
4.414889216423034668e-01
-1.801831088960170746e-02
5.106766819953918457e-01
4.728788137435913086e-01
-1.637119613587856293e-02
5.024018287658691406e-01
4.964076876640319824e-01
-1.338238734751939774e-02
4.639146029949188232e-01
4.673841595649719238e-01
-1.719740778207778931e-02
5.055299401283264160e-01
4.652872979640960693e-01
-2.360726706683635712e-02
5.107785463333129883e-01
4.888820648193359375e-01
-2.236472256481647491e-02
5.015768408775329590e-01
5.055955052375793457e-01
-2.040453441441059113e-02
0.000000000000000000e+00
0.000000000000000000e+00
0.000000000000000000e+00
0.000000000000000000e+00
0.000000000000000000e+00
0.000000000000000000e+00
0.000000000000000000e+00
0.000000000000000000e+00
0.000000000000000000e+00
0.000000000000000000e+00
0.000000000000000000e+00
0.000000000000000000e+00
0.000000000000000000e+00
0.000000000000000000e+00
0.000000000000000000e+00
0.000000000000000000e+00
0.000000000000000000e+00
0.000000000000000000e+00
0.000000000000000000e+00
0.000000000000000000e+00
0.000000000000000000e+00
0.000000000000000000e+00
0.000000000000000000e+00
0.000000000000000000e+00
0.000000000000000000e+00
0.000000000000000000e+00
0.000000000000000000e+00
0.000000000000000000e+00
0.000000000000000000e+00
0.000000000000000000e+00
0.000000000000000000e+00
0.000000000000000000e+00
0.000000000000000000e+00
0.000000000000000000e+00
0.000000000000000000e+00
0.000000000000000000e+00
0.000000000000000000e+00
0.000000000000000000e+00
0.000000000000000000e+00
0.000000000000000000e+00
0.000000000000000000e+00
0.000000000000000000e+00
0.000000000000000000e+00
0.000000000000000000e+00
0.000000000000000000e+00
0.000000000000000000e+00
0.000000000000000000e+00
0.000000000000000000e+00
0.000000000000000000e+00
0.000000000000000000e+00
0.000000000000000000e+00
0.000000000000000000e+00
0.000000000000000000e+00
0.000000000000000000e+00
0.000000000000000000e+00
0.000000000000000000e+00
0.000000000000000000e+00
0.000000000000000000e+00
0.000000000000000000e+00
0.000000000000000000e+00
0.000000000000000000e+00
0.000000000000000000e+00
0.000000000000000000e+00
