4.641867578029632568e-01
5.681860446929931641e-01
-1.006265719638577139e-07
4.987301826477050781e-01
5.451501607894897461e-01
7.179827080108225346e-04
5.083513855934143066e-01
5.169340968132019043e-01
-3.447202732786536217e-03
5.149312019348144531e-01
4.938329160213470459e-01
-1.086830254644155502e-02
5.196093320846557617e-01
4.743605852127075195e-01
-1.563432998955249786e-02
4.530517756938934326e-01
4.550124406814575195e-01
9.107798337936401367e-03
4.861299991607666016e-01
4.312428534030914307e-01
-5.819410085678100586e-03
5.021769404411315918e-01
4.571004807949066162e-01
-1.863325946033000946e-02
5.010879039764404297e-01
4.854462742805480957e-01
-2.593845129013061523e-02
4.478020668029785156e-01
4.498956203460693359e-01
1.413646503351628780e-03
4.891032278537750244e-01
4.238756299018859863e-01
-1.113893743604421616e-02
5.055441856384277344e-01
4.569402933120727539e-01
-1.668748259544372559e-02
5.006456375122070312e-01
4.830050170421600342e-01
-1.862921752035617828e-02
4.494280219078063965e-01
4.491225779056549072e-01
-8.500475436449050903e-03
4.956898093223571777e-01
4.269767403602600098e-01
-2.030776441097259521e-02
5.069066882133483887e-01
4.604224264621734619e-01
-1.866603828966617584e-02
4.972907900810241699e-01
4.843037426471710205e-01
-1.554335188120603561e-02
4.564000964164733887e-01
4.531052410602569580e-01
-1.919301412999629974e-02
5.014167428016662598e-01
4.505500197410583496e-01
-2.599853649735450745e-02
5.080269575119018555e-01
4.747017323970794678e-01
-2.418709173798561096e-02
4.979923069477081299e-01
4.911480247974395752e-01
-2.179254591464996338e-02
0.000000000000000000e+00
0.000000000000000000e+00
0.000000000000000000e+00
0.000000000000000000e+00
0.000000000000000000e+00
0.000000000000000000e+00
0.000000000000000000e+00
0.000000000000000000e+00
0.000000000000000000e+00
0.000000000000000000e+00
0.000000000000000000e+00
0.000000000000000000e+00
0.000000000000000000e+00
0.000000000000000000e+00
0.000000000000000000e+00
0.000000000000000000e+00
0.000000000000000000e+00
0.000000000000000000e+00
0.000000000000000000e+00
0.000000000000000000e+00
0.000000000000000000e+00
0.000000000000000000e+00
0.000000000000000000e+00
0.000000000000000000e+00
0.000000000000000000e+00
0.000000000000000000e+00
0.000000000000000000e+00
0.000000000000000000e+00
0.000000000000000000e+00
0.000000000000000000e+00
0.000000000000000000e+00
0.000000000000000000e+00
0.000000000000000000e+00
0.000000000000000000e+00
0.000000000000000000e+00
0.000000000000000000e+00
0.000000000000000000e+00
0.000000000000000000e+00
0.000000000000000000e+00
0.000000000000000000e+00
0.000000000000000000e+00
0.000000000000000000e+00
0.000000000000000000e+00
0.000000000000000000e+00
0.000000000000000000e+00
0.000000000000000000e+00
0.000000000000000000e+00
0.000000000000000000e+00
0.000000000000000000e+00
0.000000000000000000e+00
0.000000000000000000e+00
0.000000000000000000e+00
0.000000000000000000e+00
0.000000000000000000e+00
0.000000000000000000e+00
0.000000000000000000e+00
0.000000000000000000e+00
0.000000000000000000e+00
0.000000000000000000e+00
0.000000000000000000e+00
0.000000000000000000e+00
0.000000000000000000e+00
0.000000000000000000e+00
