4.625415205955505371e-01
5.703034996986389160e-01
-1.317486635343811940e-07
4.957261979579925537e-01
5.447225570678710938e-01
1.924725365824997425e-04
5.025632977485656738e-01
5.144367814064025879e-01
-3.128790529444813728e-03
5.068622231483459473e-01
4.914470613002777100e-01
-9.303250350058078766e-03
5.086767673492431641e-01
4.735547006130218506e-01
-1.258444692939519882e-02
4.477330446243286133e-01
4.550392329692840576e-01
9.370224550366401672e-03
4.876978993415832520e-01
4.351826310157775879e-01
-6.030336953699588776e-03
4.990881085395812988e-01
4.633530378341674805e-01
-1.921421289443969727e-02
4.940281808376312256e-01
4.903208613395690918e-01
-2.715698815882205963e-02
4.441230893135070801e-01
4.510346353054046631e-01
1.954385777935385704e-03
4.899149537086486816e-01
4.308854639530181885e-01
-1.186692621558904648e-02
5.005735754966735840e-01
4.640873372554779053e-01
-1.794814504683017731e-02
4.934608638286590576e-01
4.884413480758666992e-01
-2.023725025355815887e-02
4.470322430133819580e-01
4.511406719684600830e-01
-7.843369618058204651e-03
4.945344924926757812e-01
4.352861046791076660e-01
-1.951672881841659546e-02
5.013309121131896973e-01
4.674225449562072754e-01
-1.830449514091014862e-02
4.909871518611907959e-01
4.878295660018920898e-01
-1.565009355545043945e-02
4.559479355812072754e-01
4.556202888488769531e-01
-1.859134621918201447e-02
4.991242587566375732e-01
4.550250172615051270e-01
-2.489570714533329010e-02
5.031996965408325195e-01
4.780009686946868896e-01
-2.351402305066585541e-02
4.931709766387939453e-01
4.915854036808013916e-01
-2.164196036756038666e-02
0.000000000000000000e+00
0.000000000000000000e+00
0.000000000000000000e+00
0.000000000000000000e+00
0.000000000000000000e+00
0.000000000000000000e+00
0.000000000000000000e+00
0.000000000000000000e+00
0.000000000000000000e+00
0.000000000000000000e+00
0.000000000000000000e+00
0.000000000000000000e+00
0.000000000000000000e+00
0.000000000000000000e+00
0.000000000000000000e+00
0.000000000000000000e+00
0.000000000000000000e+00
0.000000000000000000e+00
0.000000000000000000e+00
0.000000000000000000e+00
0.000000000000000000e+00
0.000000000000000000e+00
0.000000000000000000e+00
0.000000000000000000e+00
0.000000000000000000e+00
0.000000000000000000e+00
0.000000000000000000e+00
0.000000000000000000e+00
0.000000000000000000e+00
0.000000000000000000e+00
0.000000000000000000e+00
0.000000000000000000e+00
0.000000000000000000e+00
0.000000000000000000e+00
0.000000000000000000e+00
0.000000000000000000e+00
0.000000000000000000e+00
0.000000000000000000e+00
0.000000000000000000e+00
0.000000000000000000e+00
0.000000000000000000e+00
0.000000000000000000e+00
0.000000000000000000e+00
0.000000000000000000e+00
0.000000000000000000e+00
0.000000000000000000e+00
0.000000000000000000e+00
0.000000000000000000e+00
0.000000000000000000e+00
0.000000000000000000e+00
0.000000000000000000e+00
0.000000000000000000e+00
0.000000000000000000e+00
0.000000000000000000e+00
0.000000000000000000e+00
0.000000000000000000e+00
0.000000000000000000e+00
0.000000000000000000e+00
0.000000000000000000e+00
0.000000000000000000e+00
0.000000000000000000e+00
0.000000000000000000e+00
0.000000000000000000e+00
