4.685504138469696045e-01
5.678650736808776855e-01
-1.746035849237159709e-07
5.003146529197692871e-01
5.504667758941650391e-01
3.539966710377484560e-04
5.077213644981384277e-01
5.222526192665100098e-01
-2.433290239423513412e-03
5.089751482009887695e-01
5.001359581947326660e-01
-7.865340448915958405e-03
5.068468451499938965e-01
4.802299737930297852e-01
-1.108219753950834274e-02
4.602520763874053955e-01
4.605481326580047607e-01
8.007443509995937347e-03
4.935293793678283691e-01
4.414138793945312500e-01
-5.059124436229467392e-03
5.043954253196716309e-01
4.665358066558837891e-01
-1.707488298416137695e-02
4.992567002773284912e-01
4.920254051685333252e-01
-2.463933266699314117e-02
4.545537531375885010e-01
4.531683325767517090e-01
1.145227462984621525e-03
4.919568300247192383e-01
4.329347908496856689e-01
-9.031851775944232941e-03
5.044116973876953125e-01
4.624507725238800049e-01
-1.439008396118879318e-02
4.983617067337036133e-01
4.850869476795196533e-01
-1.724658347666263580e-02
4.547436237335205078e-01
4.512744247913360596e-01
-7.696713320910930634e-03
4.952514767646789551e-01
4.294635653495788574e-01
-1.774537190794944763e-02
5.049209594726562500e-01
4.592860043048858643e-01
-1.679018326103687286e-02
4.961967766284942627e-01
4.805577397346496582e-01
-1.520882453769445419e-02
4.602915942668914795e-01
4.551393091678619385e-01
-1.728942617774009705e-02
4.997189939022064209e-01
4.554973840713500977e-01
-2.470985986292362213e-02
5.059092640876770020e-01
4.778649210929870605e-01
-2.433273941278457642e-02
4.968090057373046875e-01
4.927782416343688965e-01
-2.328450419008731842e-02
0.000000000000000000e+00
0.000000000000000000e+00
0.000000000000000000e+00
0.000000000000000000e+00
0.000000000000000000e+00
0.000000000000000000e+00
0.000000000000000000e+00
0.000000000000000000e+00
0.000000000000000000e+00
0.000000000000000000e+00
0.000000000000000000e+00
0.000000000000000000e+00
0.000000000000000000e+00
0.000000000000000000e+00
0.000000000000000000e+00
0.000000000000000000e+00
0.000000000000000000e+00
0.000000000000000000e+00
0.000000000000000000e+00
0.000000000000000000e+00
0.000000000000000000e+00
0.000000000000000000e+00
0.000000000000000000e+00
0.000000000000000000e+00
0.000000000000000000e+00
0.000000000000000000e+00
0.000000000000000000e+00
0.000000000000000000e+00
0.000000000000000000e+00
0.000000000000000000e+00
0.000000000000000000e+00
0.000000000000000000e+00
0.000000000000000000e+00
0.000000000000000000e+00
0.000000000000000000e+00
0.000000000000000000e+00
0.000000000000000000e+00
0.000000000000000000e+00
0.000000000000000000e+00
0.000000000000000000e+00
0.000000000000000000e+00
0.000000000000000000e+00
0.000000000000000000e+00
0.000000000000000000e+00
0.000000000000000000e+00
0.000000000000000000e+00
0.000000000000000000e+00
0.000000000000000000e+00
0.000000000000000000e+00
0.000000000000000000e+00
0.000000000000000000e+00
0.000000000000000000e+00
0.000000000000000000e+00
0.000000000000000000e+00
0.000000000000000000e+00
0.000000000000000000e+00
0.000000000000000000e+00
0.000000000000000000e+00
0.000000000000000000e+00
0.000000000000000000e+00
0.000000000000000000e+00
0.000000000000000000e+00
0.000000000000000000e+00
