4.608614742755889893e-01
5.666995048522949219e-01
-9.896385222418757621e-08
4.965229332447052002e-01
5.427994728088378906e-01
-5.111280479468405247e-04
5.054669380187988281e-01
5.131456851959228516e-01
-4.354552365839481354e-03
5.097544193267822266e-01
4.889511466026306152e-01
-1.088766474276781082e-02
5.102264285087585449e-01
4.666394591331481934e-01
-1.458591781556606293e-02
4.539801478385925293e-01
4.569486975669860840e-01
7.439551874995231628e-03
4.891496896743774414e-01
4.351285994052886963e-01
-9.707786142826080322e-03
5.034194588661193848e-01
4.610800445079803467e-01
-2.395310066640377045e-02
5.015352964401245117e-01
4.889953136444091797e-01
-3.227053582668304443e-02
4.484373033046722412e-01
4.491384029388427734e-01
-1.292656670557335019e-04
4.903158247470855713e-01
4.254718720912933350e-01
-1.506642717868089676e-02
5.048110485076904297e-01
4.558588266372680664e-01
-2.219408005475997925e-02
4.996051788330078125e-01
4.780673980712890625e-01
-2.509724348783493042e-02
4.498396813869476318e-01
4.473136067390441895e-01
-1.005786471068859100e-02
4.973507523536682129e-01
4.286194145679473877e-01
-2.487912401556968689e-02
5.060778856277465820e-01
4.624379575252532959e-01
-2.458785101771354675e-02
4.953090250492095947e-01
4.834320545196533203e-01
-2.211957424879074097e-02
4.573723077774047852e-01
4.513761699199676514e-01
-2.069369144737720490e-02
5.016302466392517090e-01
4.571275711059570312e-01
-3.145281970500946045e-02
5.049367547035217285e-01
4.817545711994171143e-01
-3.162206336855888367e-02
4.931733906269073486e-01
4.948307573795318604e-01
-3.007734753191471100e-02
0.000000000000000000e+00
0.000000000000000000e+00
0.000000000000000000e+00
0.000000000000000000e+00
0.000000000000000000e+00
0.000000000000000000e+00
0.000000000000000000e+00
0.000000000000000000e+00
0.000000000000000000e+00
0.000000000000000000e+00
0.000000000000000000e+00
0.000000000000000000e+00
0.000000000000000000e+00
0.000000000000000000e+00
0.000000000000000000e+00
0.000000000000000000e+00
0.000000000000000000e+00
0.000000000000000000e+00
0.000000000000000000e+00
0.000000000000000000e+00
0.000000000000000000e+00
0.000000000000000000e+00
0.000000000000000000e+00
0.000000000000000000e+00
0.000000000000000000e+00
0.000000000000000000e+00
0.000000000000000000e+00
0.000000000000000000e+00
0.000000000000000000e+00
0.000000000000000000e+00
0.000000000000000000e+00
0.000000000000000000e+00
0.000000000000000000e+00
0.000000000000000000e+00
0.000000000000000000e+00
0.000000000000000000e+00
0.000000000000000000e+00
0.000000000000000000e+00
0.000000000000000000e+00
0.000000000000000000e+00
0.000000000000000000e+00
0.000000000000000000e+00
0.000000000000000000e+00
0.000000000000000000e+00
0.000000000000000000e+00
0.000000000000000000e+00
0.000000000000000000e+00
0.000000000000000000e+00
0.000000000000000000e+00
0.000000000000000000e+00
0.000000000000000000e+00
0.000000000000000000e+00
0.000000000000000000e+00
0.000000000000000000e+00
0.000000000000000000e+00
0.000000000000000000e+00
0.000000000000000000e+00
0.000000000000000000e+00
0.000000000000000000e+00
0.000000000000000000e+00
0.000000000000000000e+00
0.000000000000000000e+00
0.000000000000000000e+00
